,Unnamed: 0.1,Unnamed: 0,match_id,shotX,shotY,quarter,time_remaining,player,team,made,shot_type,distance,score,opp,status
0,0,0,200612310DEN,24.0,5.0,1st quarter,11:43.0,Devin Harris,DAL,True,2-pointer,0,2-0,'DAL',leads
1,1,1,200612310DEN,37.1,26.4,1st quarter,11:04.0,Austin Croshere,DAL,False,3-pointer,25,2-0,'DAL',leads
2,2,2,200612310DEN,24.3,18.3,1st quarter,10:53.0,Josh Howard,DAL,True,2-pointer,13,4-0,'DAL',leads
3,3,3,200612310DEN,28.3,6.5,1st quarter,10:19.0,Devin Harris,DAL,False,2-pointer,5,4-2,'DAL',leads
4,4,4,200612310DEN,22.0,15.0,1st quarter,10:00.0,Josh Howard,DAL,True,2-pointer,10,6-4,'DAL',leads
5,5,5,200612310DEN,24.0,5.0,1st quarter,9:27.0,Devin Harris,DAL,True,2-pointer,0,8-6,'DAL',leads
6,6,6,200612310DEN,30.6,28.5,1st quarter,7:31.0,Austin Croshere,DAL,False,3-pointer,24,11-6,'DAL',leads
7,7,7,200612310DEN,38.8,9.8,1st quarter,7:03.0,Josh Howard,DAL,True,2-pointer,16,13-6,'DAL',leads
8,8,8,200612310DEN,2.0,5.2,1st quarter,6:38.0,Jason Terry,DAL,False,3-pointer,22,13-6,'DAL',leads
9,9,9,200612310DEN,2.0,5.8,1st quarter,5:26.0,Austin Croshere,DAL,False,3-pointer,22,13-6,'DAL',leads
10,10,10,200612310DEN,7.2,18.7,1st quarter,4:28.0,Josh Howard,DAL,True,2-pointer,22,15-8,'DAL',leads
11,11,11,200612310DEN,24.0,5.0,1st quarter,3:58.0,Erick Dampier,DAL,True,2-pointer,0,17-10,'DAL',leads
12,12,12,200612310DEN,33.7,27.7,1st quarter,3:22.0,Josh Howard,DAL,True,3-pointer,25,20-11,'DAL',leads
13,13,13,200612310DEN,46.7,15.5,1st quarter,2:43.0,Jason Terry,DAL,False,3-pointer,25,20-13,'DAL',leads
14,14,14,200612310DEN,7.4,6.3,1st quarter,1:45.0,Jason Terry,DAL,False,2-pointer,17,20-17,'DAL',leads
15,15,15,200612310DEN,12.8,26.2,1st quarter,0:37.9,Anthony Johnson,DAL,False,3-pointer,24,20-22,'DAL',trails
16,16,16,200612310DEN,48.0,4.7,1st quarter,0:12.9,Devean George,DAL,False,3-pointer,24,20-22,'DAL',trails
17,17,17,200612310DEN,1.8,10.6,1st quarter,0:00.2,Devean George,DAL,False,3-pointer,23,20-24,'DAL',trails
18,18,18,200612310DEN,24.0,5.0,2nd quarter,10:53.0,Greg Buckner,DAL,True,2-pointer,0,22-26,'DAL',trails
19,19,19,200612310DEN,47.3,5.5,2nd quarter,10:18.0,Greg Buckner,DAL,False,3-pointer,23,22-26,'DAL',trails
20,20,20,200612310DEN,24.0,10.1,2nd quarter,10:02.0,Erick Dampier,DAL,False,2-pointer,5,22-26,'DAL',trails
21,21,21,200612310DEN,24.0,5.0,2nd quarter,9:25.0,Devean George,DAL,False,2-pointer,0,22-28,'DAL',trails
22,22,22,200612310DEN,24.0,5.0,2nd quarter,7:47.0,Erick Dampier,DAL,False,2-pointer,0,26-28,'DAL',trails
23,23,23,200612310DEN,24.0,5.0,2nd quarter,7:03.0,Greg Buckner,DAL,True,2-pointer,0,28-28,'DAL',tied
24,24,24,200612310DEN,26.4,10.6,2nd quarter,6:38.0,Erick Dampier,DAL,False,2-pointer,6,28-28,'DAL',tied
25,25,25,200612310DEN,42.9,6.2,2nd quarter,6:15.0,Austin Croshere,DAL,False,2-pointer,19,28-30,'DAL',trails
26,26,26,200612310DEN,24.0,5.0,2nd quarter,5:57.0,Greg Buckner,DAL,False,2-pointer,0,28-30,'DAL',trails
27,27,27,200612310DEN,7.6,5.3,2nd quarter,5:22.0,Jason Terry,DAL,True,2-pointer,16,30-32,'DAL',trails
28,28,28,200612310DEN,44.5,5.5,2nd quarter,5:05.0,Jason Terry,DAL,True,2-pointer,21,32-32,'DAL',tied
29,29,29,200612310DEN,39.9,24.2,2nd quarter,4:33.0,Josh Howard,DAL,False,3-pointer,25,32-34,'DAL',trails
30,30,30,200612310DEN,24.0,5.0,2nd quarter,4:29.0,DeSagana Diop,DAL,True,2-pointer,0,34-34,'DAL',tied
31,31,31,200612310DEN,23.8,19.5,2nd quarter,4:08.0,Josh Howard,DAL,False,2-pointer,15,34-36,'DAL',trails
32,32,32,200612310DEN,47.2,6.3,2nd quarter,3:48.0,Jason Terry,DAL,False,3-pointer,23,34-39,'DAL',trails
33,33,33,200612310DEN,13.3,27.5,2nd quarter,3:00.0,Josh Howard,DAL,True,3-pointer,25,37-41,'DAL',trails
34,34,34,200612310DEN,31.5,28.7,2nd quarter,2:07.0,Josh Howard,DAL,False,3-pointer,25,37-43,'DAL',trails
35,35,35,200612310DEN,1.5,12.4,2nd quarter,1:37.0,J.J. Barea,DAL,False,3-pointer,24,37-45,'DAL',trails
36,36,36,200612310DEN,41.1,8.6,2nd quarter,1:16.0,Jason Terry,DAL,True,2-pointer,17,39-45,'DAL',trails
37,37,37,200612310DEN,7.9,23.4,2nd quarter,0:42.8,Greg Buckner,DAL,True,3-pointer,24,42-47,'DAL',trails
38,38,38,200612310DEN,1.2,7.5,2nd quarter,0:04.9,Jason Terry,DAL,False,3-pointer,23,42-50,'DAL',trails
39,39,39,200612310DEN,24.0,5.0,2nd quarter,0:01.0,DeSagana Diop,DAL,False,2-pointer,0,42-50,'DAL',trails
40,40,40,200612310DEN,24.0,5.0,2nd quarter,0:01.0,DeSagana Diop,DAL,True,2-pointer,0,44-50,'DAL',trails
41,41,41,200612310DEN,41.1,13.1,3rd quarter,11:09.0,Austin Croshere,DAL,False,2-pointer,19,44-52,'DAL',trails
42,42,42,200612310DEN,23.5,11.3,3rd quarter,10:19.0,Erick Dampier,DAL,False,2-pointer,6,44-54,'DAL',trails
43,43,43,200612310DEN,24.8,17.7,3rd quarter,10:14.0,Devin Harris,DAL,False,2-pointer,13,44-54,'DAL',trails
44,44,44,200612310DEN,24.0,5.0,3rd quarter,10:10.0,Josh Howard,DAL,True,2-pointer,0,46-54,'DAL',trails
45,45,45,200612310DEN,25.6,29.2,3rd quarter,9:39.0,Austin Croshere,DAL,False,3-pointer,24,46-54,'DAL',trails
46,46,46,200612310DEN,24.0,5.0,3rd quarter,9:12.0,Devin Harris,DAL,True,2-pointer,0,48-54,'DAL',trails
47,47,47,200612310DEN,26.0,13.4,3rd quarter,8:45.0,Greg Buckner,DAL,True,2-pointer,9,50-54,'DAL',trails
48,48,48,200612310DEN,38.9,7.0,3rd quarter,8:23.0,Devin Harris,DAL,True,2-pointer,15,52-54,'DAL',trails
49,49,49,200612310DEN,24.0,5.0,3rd quarter,7:36.0,Devin Harris,DAL,True,2-pointer,0,54-56,'DAL',trails
50,50,50,200612310DEN,23.2,14.1,3rd quarter,6:37.0,Josh Howard,DAL,True,2-pointer,9,56-58,'DAL',trails
51,51,51,200612310DEN,39.9,13.7,3rd quarter,5:56.0,Josh Howard,DAL,False,2-pointer,18,56-60,'DAL',trails
52,52,52,200612310DEN,39.1,11.1,3rd quarter,4:06.0,Devin Harris,DAL,True,2-pointer,16,59-62,'DAL',trails
53,53,53,200612310DEN,24.0,5.0,3rd quarter,3:33.0,Greg Buckner,DAL,False,2-pointer,0,59-62,'DAL',trails
54,54,54,200612310DEN,13.0,19.0,3rd quarter,3:10.0,Jason Terry,DAL,True,2-pointer,18,61-62,'DAL',trails
55,55,55,200612310DEN,41.6,5.8,3rd quarter,2:43.0,Jason Terry,DAL,False,2-pointer,18,61-62,'DAL',trails
56,56,56,200612310DEN,42.1,6.2,3rd quarter,2:24.0,Jason Terry,DAL,False,2-pointer,18,61-64,'DAL',trails
57,57,57,200612310DEN,24.0,5.0,3rd quarter,2:16.0,Jason Terry,DAL,True,2-pointer,0,63-64,'DAL',trails
58,58,58,200612310DEN,0.7,10.6,3rd quarter,1:45.0,Devean George,DAL,False,3-pointer,24,63-66,'DAL',trails
59,59,59,200612310DEN,24.0,21.8,3rd quarter,1:39.0,Jason Terry,DAL,False,2-pointer,17,63-66,'DAL',trails
60,60,60,200612310DEN,35.7,27.5,3rd quarter,1:08.0,Devean George,DAL,False,3-pointer,25,63-68,'DAL',trails
61,61,61,200612310DEN,33.7,22.8,3rd quarter,0:25.9,Devean George,DAL,False,2-pointer,20,63-68,'DAL',trails
62,62,62,200612310DEN,14.1,26.9,4th quarter,11:36.0,Devin Harris,DAL,False,3-pointer,24,63-69,'DAL',trails
63,63,63,200612310DEN,9.9,16.7,4th quarter,10:53.0,Jason Terry,DAL,True,2-pointer,18,65-69,'DAL',trails
64,64,64,200612310DEN,35.5,5.8,4th quarter,10:30.0,Jason Terry,DAL,True,2-pointer,12,67-69,'DAL',trails
65,65,65,200612310DEN,1.3,5.5,4th quarter,9:58.0,Greg Buckner,DAL,False,3-pointer,23,67-70,'DAL',trails
66,66,66,200612310DEN,24.0,5.0,4th quarter,9:32.0,Greg Buckner,DAL,False,2-pointer,0,67-72,'DAL',trails
67,67,67,200612310DEN,24.0,5.0,4th quarter,7:51.0,Greg Buckner,DAL,False,2-pointer,0,69-74,'DAL',trails
68,68,68,200612310DEN,10.0,6.0,4th quarter,7:26.0,Jason Terry,DAL,True,2-pointer,14,71-76,'DAL',trails
69,69,69,200612310DEN,6.4,22.8,4th quarter,6:49.0,Josh Howard,DAL,True,3-pointer,25,74-76,'DAL',trails
70,70,70,200612310DEN,21.1,30.2,4th quarter,5:59.0,Jason Terry,DAL,True,3-pointer,25,77-79,'DAL',trails
71,71,71,200612310DEN,39.6,5.2,4th quarter,5:15.0,Devean George,DAL,True,2-pointer,16,79-79,'DAL',tied
72,72,72,200612310DEN,24.0,5.0,4th quarter,4:40.0,Devin Harris,DAL,False,2-pointer,0,79-79,'DAL',tied
73,73,73,200612310DEN,21.1,29.7,4th quarter,4:24.0,Josh Howard,DAL,False,3-pointer,25,79-79,'DAL',tied
74,74,74,200612310DEN,15.1,22.4,4th quarter,4:04.0,Devin Harris,DAL,False,2-pointer,20,79-79,'DAL',tied
75,75,75,200612310DEN,16.1,18.3,4th quarter,3:15.0,Jason Terry,DAL,False,2-pointer,15,79-81,'DAL',trails
76,76,76,200612310DEN,24.0,5.0,4th quarter,2:18.0,Devin Harris,DAL,True,2-pointer,0,83-82,'DAL',leads
77,77,77,200612310DEN,32.2,27.7,4th quarter,1:39.0,Josh Howard,DAL,False,3-pointer,24,83-82,'DAL',leads
78,78,78,200612310DEN,24.5,17.3,4th quarter,0:54.7,Josh Howard,DAL,True,2-pointer,12,89-84,'DAL',leads
79,79,79,200612310DEN,22.2,24.6,4th quarter,0:25.9,Devin Harris,DAL,False,2-pointer,20,89-85,'DAL',leads
80,80,80,200612310DEN,24.0,5.0,4th quarter,0:03.9,Jason Terry,DAL,False,2-pointer,0,89-85,'DAL',leads
81,81,81,200612310DEN,15.6,9.5,1st quarter,11:21.0,Allen Iverson,DEN,False,2-pointer,10,0-2,'DAL',trails
82,82,82,200612310DEN,24.0,5.0,1st quarter,10:40.0,Eduardo Nájera,DEN,True,2-pointer,0,2-4,'DAL',trails
83,83,83,200612310DEN,24.0,5.0,1st quarter,10:14.0,Allen Iverson,DEN,True,2-pointer,0,4-4,'DAL',tied
84,84,84,200612310DEN,35.8,8.8,1st quarter,9:50.0,Marcus Camby,DEN,True,2-pointer,12,6-6,'DAL',tied
85,85,85,200612310DEN,24.0,5.0,1st quarter,8:51.0,Eduardo Nájera,DEN,False,2-pointer,0,6-8,'DAL',trails
86,86,86,200612310DEN,38.3,11.4,1st quarter,8:28.0,DerMarr Johnson,DEN,False,2-pointer,16,6-10,'DAL',trails
87,87,87,200612310DEN,8.9,9.1,1st quarter,7:59.0,Marcus Camby,DEN,False,2-pointer,16,6-11,'DAL',trails
88,88,88,200612310DEN,24.0,5.0,1st quarter,7:56.0,Yakhouba Diawara,DEN,False,2-pointer,0,6-11,'DAL',trails
89,89,89,200612310DEN,24.0,5.0,1st quarter,6:20.0,Yakhouba Diawara,DEN,False,2-pointer,0,6-13,'DAL',trails
90,90,90,200612310DEN,9.4,8.3,1st quarter,5:51.0,Earl Boykins,DEN,False,2-pointer,15,6-13,'DAL',trails
91,91,91,200612310DEN,7.6,7.6,1st quarter,5:15.0,Allen Iverson,DEN,True,2-pointer,17,8-13,'DAL',trails
92,92,92,200612310DEN,30.7,29.0,1st quarter,4:48.0,Earl Boykins,DEN,False,3-pointer,25,8-13,'DAL',trails
93,93,93,200612310DEN,10.7,18.7,1st quarter,4:14.0,Linas Kleiza,DEN,True,2-pointer,19,10-15,'DAL',trails
94,94,94,200612310DEN,24.0,5.0,1st quarter,3:31.0,Yakhouba Diawara,DEN,False,2-pointer,0,11-17,'DAL',trails
95,95,95,200612310DEN,34.2,6.0,1st quarter,2:58.0,Linas Kleiza,DEN,True,2-pointer,10,13-20,'DAL',trails
96,96,96,200612310DEN,24.0,5.0,1st quarter,2:33.0,Allen Iverson,DEN,True,2-pointer,0,15-20,'DAL',trails
97,97,97,200612310DEN,24.0,5.0,1st quarter,2:10.0,Earl Boykins,DEN,True,2-pointer,0,17-20,'DAL',trails
98,98,98,200612310DEN,24.0,5.0,1st quarter,1:36.0,Allen Iverson,DEN,True,2-pointer,0,19-20,'DAL',trails
99,99,99,200612310DEN,23.0,22.4,1st quarter,0:54.9,Earl Boykins,DEN,True,2-pointer,17,22-20,'DAL',leads
100,100,100,200612310DEN,24.0,5.0,2nd quarter,11:44.0,Reggie Evans,DEN,False,2-pointer,0,24-20,'DAL',leads
101,101,101,200612310DEN,24.0,5.0,2nd quarter,11:18.0,Allen Iverson,DEN,True,2-pointer,0,26-20,'DAL',leads
102,102,102,200612310DEN,14.6,23.6,2nd quarter,10:37.0,Linas Kleiza,DEN,False,2-pointer,21,26-22,'DAL',leads
103,103,103,200612310DEN,28.1,20.5,2nd quarter,10:11.0,Earl Boykins,DEN,False,2-pointer,16,26-22,'DAL',leads
104,104,104,200612310DEN,23.4,10.6,2nd quarter,9:51.0,Allen Iverson,DEN,True,2-pointer,6,28-22,'DAL',leads
105,105,105,200612310DEN,7.4,22.6,2nd quarter,8:26.0,Yakhouba Diawara,DEN,False,3-pointer,24,28-26,'DAL',leads
106,106,106,200612310DEN,1.3,6.3,2nd quarter,8:08.0,DerMarr Johnson,DEN,False,3-pointer,23,28-26,'DAL',leads
107,107,107,200612310DEN,23.4,24.7,2nd quarter,7:32.0,Marcus Camby,DEN,False,2-pointer,20,28-26,'DAL',leads
108,108,108,200612310DEN,24.0,5.0,2nd quarter,7:10.0,Earl Boykins,DEN,False,2-pointer,0,28-26,'DAL',leads
109,109,109,200612310DEN,24.0,5.0,2nd quarter,6:48.0,Marcus Camby,DEN,False,2-pointer,0,28-28,'DAL',tied
110,110,110,200612310DEN,24.0,5.0,2nd quarter,6:27.0,Earl Boykins,DEN,True,2-pointer,0,30-28,'DAL',leads
111,111,111,200612310DEN,24.0,5.0,2nd quarter,5:48.0,Earl Boykins,DEN,True,2-pointer,0,32-28,'DAL',leads
112,112,112,200612310DEN,24.0,5.0,2nd quarter,5:15.0,Linas Kleiza,DEN,False,2-pointer,0,32-30,'DAL',leads
113,113,113,200612310DEN,24.0,5.0,2nd quarter,4:02.0,Eduardo Nájera,DEN,True,2-pointer,0,38-34,'DAL',leads
114,114,114,200612310DEN,24.0,5.0,2nd quarter,3:43.0,Yakhouba Diawara,DEN,False,2-pointer,0,39-34,'DAL',leads
115,115,115,200612310DEN,24.0,5.0,2nd quarter,3:21.0,Allen Iverson,DEN,True,2-pointer,0,41-34,'DAL',leads
116,116,116,200612310DEN,30.6,22.3,2nd quarter,2:25.0,Earl Boykins,DEN,True,2-pointer,19,43-37,'DAL',leads
117,117,117,200612310DEN,40.3,9.5,2nd quarter,1:26.0,Earl Boykins,DEN,False,2-pointer,17,45-37,'DAL',leads
118,118,118,200612310DEN,20.1,30.3,2nd quarter,0:26.4,Earl Boykins,DEN,True,3-pointer,26,50-42,'DAL',leads
119,119,119,200612310DEN,24.0,5.0,2nd quarter,0:00.2,Yakhouba Diawara,DEN,False,2-pointer,0,50-44,'DAL',leads
120,120,120,200612310DEN,44.7,6.5,3rd quarter,11:36.0,Allen Iverson,DEN,True,2-pointer,21,52-44,'DAL',leads
121,121,121,200612310DEN,19.2,12.6,3rd quarter,10:52.0,Allen Iverson,DEN,True,2-pointer,9,54-44,'DAL',leads
122,122,122,200612310DEN,43.5,6.3,3rd quarter,9:50.0,Marcus Camby,DEN,False,2-pointer,20,54-46,'DAL',leads
123,123,123,200612310DEN,16.8,20.0,3rd quarter,9:31.0,Allen Iverson,DEN,False,2-pointer,17,54-46,'DAL',leads
124,124,124,200612310DEN,23.4,9.3,3rd quarter,8:31.0,Yakhouba Diawara,DEN,False,2-pointer,4,54-50,'DAL',leads
125,125,125,200612310DEN,24.0,5.0,3rd quarter,8:08.0,Marcus Camby,DEN,False,2-pointer,0,54-52,'DAL',leads
126,126,126,200612310DEN,24.0,5.0,3rd quarter,8:00.0,Allen Iverson,DEN,False,2-pointer,0,54-52,'DAL',leads
127,127,127,200612310DEN,24.0,5.0,3rd quarter,7:59.0,Marcus Camby,DEN,True,2-pointer,0,56-52,'DAL',leads
128,128,128,200612310DEN,40.1,6.7,3rd quarter,7:21.0,Eduardo Nájera,DEN,True,2-pointer,16,58-54,'DAL',leads
129,129,129,200612310DEN,25.3,11.6,3rd quarter,6:45.0,Linas Kleiza,DEN,False,2-pointer,7,58-54,'DAL',leads
130,130,130,200612310DEN,21.9,17.2,3rd quarter,6:23.0,Marcus Camby,DEN,False,2-pointer,12,58-56,'DAL',leads
131,131,131,200612310DEN,23.5,9.6,3rd quarter,6:21.0,Marcus Camby,DEN,True,2-pointer,5,60-56,'DAL',leads
132,132,132,200612310DEN,24.0,5.0,3rd quarter,5:45.0,Marcus Camby,DEN,True,2-pointer,0,62-56,'DAL',leads
133,133,133,200612310DEN,17.6,16.8,3rd quarter,4:20.0,Allen Iverson,DEN,False,2-pointer,13,62-57,'DAL',leads
134,134,134,200612310DEN,22.2,24.1,3rd quarter,3:53.0,Eduardo Nájera,DEN,False,2-pointer,19,62-59,'DAL',leads
135,135,135,200612310DEN,21.7,24.7,3rd quarter,2:57.0,Marcus Camby,DEN,False,2-pointer,20,62-61,'DAL',leads
136,136,136,200612310DEN,24.5,17.5,3rd quarter,2:06.0,Marcus Camby,DEN,True,2-pointer,13,66-63,'DAL',leads
137,137,137,200612310DEN,31.7,29.2,3rd quarter,0:39.0,Linas Kleiza,DEN,False,3-pointer,25,68-63,'DAL',leads
138,138,138,200612310DEN,8.9,8.1,3rd quarter,0:00.2,Earl Boykins,DEN,False,2-pointer,15,69-63,'DAL',leads
139,139,139,200612310DEN,31.1,8.6,4th quarter,11:07.0,Earl Boykins,DEN,False,2-pointer,8,69-63,'DAL',leads
140,140,140,200612310DEN,12.2,6.0,4th quarter,10:38.0,Allen Iverson,DEN,False,2-pointer,12,69-65,'DAL',leads
141,141,141,200612310DEN,24.0,5.0,4th quarter,10:16.0,Allen Iverson,DEN,False,2-pointer,0,69-67,'DAL',leads
142,142,142,200612310DEN,24.0,5.0,4th quarter,9:50.0,Eduardo Nájera,DEN,True,2-pointer,0,72-67,'DAL',leads
143,143,143,200612310DEN,24.0,29.3,4th quarter,8:41.0,Yakhouba Diawara,DEN,False,3-pointer,24,72-69,'DAL',leads
144,144,144,200612310DEN,37.6,19.3,4th quarter,8:16.0,Earl Boykins,DEN,True,2-pointer,20,74-69,'DAL',leads
145,145,145,200612310DEN,24.0,5.0,4th quarter,7:43.0,Eduardo Nájera,DEN,True,2-pointer,0,76-69,'DAL',leads
146,146,146,200612310DEN,24.0,5.0,4th quarter,7:06.0,Eduardo Nájera,DEN,False,2-pointer,0,76-71,'DAL',leads
147,147,147,200612310DEN,24.0,5.0,4th quarter,7:03.0,Eduardo Nájera,DEN,False,2-pointer,0,76-71,'DAL',leads
148,148,148,200612310DEN,24.0,5.0,4th quarter,6:22.0,Allen Iverson,DEN,True,2-pointer,0,79-74,'DAL',leads
149,149,149,200612310DEN,24.0,5.0,4th quarter,5:37.0,Yakhouba Diawara,DEN,False,2-pointer,0,79-77,'DAL',leads
150,150,150,200612310DEN,35.2,7.3,4th quarter,4:50.0,Earl Boykins,DEN,False,2-pointer,11,79-79,'DAL',tied
151,151,151,200612310DEN,24.0,5.0,4th quarter,4:48.0,Marcus Camby,DEN,False,2-pointer,0,79-79,'DAL',tied
152,152,152,200612310DEN,24.0,5.0,4th quarter,4:35.0,Marcus Camby,DEN,False,2-pointer,0,79-79,'DAL',tied
153,153,153,200612310DEN,20.9,23.1,4th quarter,3:44.0,Earl Boykins,DEN,True,2-pointer,18,81-79,'DAL',leads
154,154,154,200612310DEN,24.0,19.1,4th quarter,2:58.0,Marcus Camby,DEN,False,2-pointer,14,81-79,'DAL',leads
155,155,155,200612310DEN,40.1,7.2,4th quarter,2:06.0,Allen Iverson,DEN,False,2-pointer,16,82-83,'DAL',trails
156,156,156,200612310DEN,36.5,27.9,4th quarter,1:57.0,Earl Boykins,DEN,False,3-pointer,26,82-83,'DAL',trails
157,157,157,200612310DEN,1.7,8.6,4th quarter,1:18.0,Yakhouba Diawara,DEN,False,3-pointer,23,82-85,'DAL',trails
158,158,158,200612310DEN,13.5,27.9,4th quarter,0:44.9,Yakhouba Diawara,DEN,False,3-pointer,25,84-89,'DAL',trails
159,159,159,200612310DEN,24.0,5.0,4th quarter,0:43.6,Eduardo Nájera,DEN,False,2-pointer,0,84-89,'DAL',trails
160,160,160,200612310DEN,30.7,28.5,4th quarter,0:14.9,Linas Kleiza,DEN,False,3-pointer,24,85-89,'DAL',trails
161,161,161,200612310DET,24.0,5.0,1st quarter,11:42.0,Amar'e Stoudemire,PHO,False,2-pointer,0,0-0,'DET',tied
162,162,162,200612310DET,27.6,23.7,1st quarter,11:04.0,Boris Diaw,PHO,False,2-pointer,19,0-2,'DET',trails
163,163,163,200612310DET,22.4,10.8,1st quarter,10:39.0,Boris Diaw,PHO,False,2-pointer,6,0-2,'DET',trails
164,164,164,200612310DET,14.0,28.7,1st quarter,9:36.0,Steve Nash,PHO,True,3-pointer,26,3-6,'DET',trails
165,165,165,200612310DET,24.0,5.0,1st quarter,9:02.0,Raja Bell,PHO,True,2-pointer,0,5-8,'DET',trails
166,166,166,200612310DET,24.0,5.0,1st quarter,8:26.0,Amar'e Stoudemire,PHO,True,2-pointer,0,7-8,'DET',trails
167,167,167,200612310DET,45.3,20.0,1st quarter,6:58.0,Steve Nash,PHO,True,3-pointer,26,11-8,'DET',leads
168,168,168,200612310DET,24.0,5.0,1st quarter,6:35.0,Amar'e Stoudemire,PHO,True,2-pointer,0,13-10,'DET',leads
169,169,169,200612310DET,24.0,5.0,1st quarter,5:41.0,Amar'e Stoudemire,PHO,True,2-pointer,0,15-12,'DET',leads
170,170,170,200612310DET,20.6,11.4,1st quarter,5:19.0,Shawn Marion,PHO,True,2-pointer,7,17-12,'DET',leads
171,171,171,200612310DET,27.9,31.3,1st quarter,4:26.0,Steve Nash,PHO,False,3-pointer,27,17-14,'DET',leads
172,172,172,200612310DET,7.4,6.0,1st quarter,4:03.0,Amar'e Stoudemire,PHO,True,2-pointer,17,19-14,'DET',leads
173,173,173,200612310DET,11.8,4.9,1st quarter,3:35.0,Kurt Thomas,PHO,False,2-pointer,12,19-14,'DET',leads
174,174,174,200612310DET,24.0,5.0,1st quarter,3:12.0,Leandro Barbosa,PHO,True,2-pointer,0,21-14,'DET',leads
175,175,175,200612310DET,24.0,5.0,1st quarter,2:25.0,Shawn Marion,PHO,True,2-pointer,0,23-14,'DET',leads
176,176,176,200612310DET,6.9,8.6,1st quarter,1:53.0,Leandro Barbosa,PHO,True,2-pointer,17,25-16,'DET',leads
177,177,177,200612310DET,24.0,5.0,1st quarter,1:18.0,Amar'e Stoudemire,PHO,True,2-pointer,0,27-16,'DET',leads
178,178,178,200612310DET,24.5,24.7,1st quarter,0:47.9,Raja Bell,PHO,False,2-pointer,20,27-18,'DET',leads
179,179,179,200612310DET,24.0,5.0,1st quarter,0:12.0,Amar'e Stoudemire,PHO,True,2-pointer,0,29-20,'DET',leads
180,180,180,200612310DET,24.0,5.0,2nd quarter,11:08.0,Leandro Barbosa,PHO,False,2-pointer,0,29-24,'DET',leads
181,181,181,200612310DET,1.3,12.1,2nd quarter,10:26.0,Leandro Barbosa,PHO,False,3-pointer,24,29-26,'DET',leads
182,182,182,200612310DET,0.0,12.1,2nd quarter,9:45.0,Raja Bell,PHO,True,3-pointer,25,32-28,'DET',leads
183,183,183,200612310DET,24.0,5.0,2nd quarter,9:17.0,Raja Bell,PHO,False,2-pointer,0,32-30,'DET',leads
184,184,184,200612310DET,15.3,9.0,2nd quarter,8:39.0,Steve Nash,PHO,True,2-pointer,10,34-33,'DET',leads
185,185,185,200612310DET,30.1,6.7,2nd quarter,8:08.0,Boris Diaw,PHO,False,2-pointer,6,34-33,'DET',leads
186,186,186,200612310DET,24.0,5.0,2nd quarter,8:01.0,Steve Nash,PHO,True,2-pointer,0,36-33,'DET',leads
187,187,187,200612310DET,24.0,5.0,2nd quarter,7:23.0,Boris Diaw,PHO,True,2-pointer,0,38-35,'DET',leads
188,188,188,200612310DET,47.5,4.2,2nd quarter,6:56.0,Steve Nash,PHO,True,3-pointer,24,41-35,'DET',leads
189,189,189,200612310DET,1.0,11.9,2nd quarter,6:19.0,Raja Bell,PHO,False,3-pointer,24,41-37,'DET',leads
190,190,190,200612310DET,24.0,5.0,2nd quarter,6:03.0,Amar'e Stoudemire,PHO,True,2-pointer,0,43-37,'DET',leads
191,191,191,200612310DET,24.0,5.0,2nd quarter,5:37.0,Shawn Marion,PHO,True,2-pointer,0,45-37,'DET',leads
192,192,192,200612310DET,47.5,5.0,2nd quarter,5:05.0,Raja Bell,PHO,False,3-pointer,24,45-39,'DET',leads
193,193,193,200612310DET,27.8,31.1,2nd quarter,4:27.0,Raja Bell,PHO,True,3-pointer,26,50-41,'DET',leads
194,194,194,200612310DET,-0.1,4.5,2nd quarter,4:00.0,Leandro Barbosa,PHO,False,3-pointer,24,50-43,'DET',leads
195,195,195,200612310DET,9.1,4.7,2nd quarter,3:35.0,Leandro Barbosa,PHO,False,2-pointer,15,50-43,'DET',leads
196,196,196,200612310DET,9.2,26.5,2nd quarter,3:18.0,Shawn Marion,PHO,False,3-pointer,26,50-45,'DET',leads
197,197,197,200612310DET,25.5,16.0,2nd quarter,2:43.0,Steve Nash,PHO,True,2-pointer,11,52-45,'DET',leads
198,198,198,200612310DET,24.0,5.0,2nd quarter,2:20.0,Raja Bell,PHO,False,2-pointer,0,52-45,'DET',leads
199,199,199,200612310DET,19.1,8.1,2nd quarter,1:24.0,Amar'e Stoudemire,PHO,True,2-pointer,6,54-45,'DET',leads
200,200,200,200612310DET,24.0,5.0,2nd quarter,0:51.9,Amar'e Stoudemire,PHO,False,2-pointer,0,54-47,'DET',leads
201,201,201,200612310DET,31.9,19.6,2nd quarter,0:21.1,Raja Bell,PHO,True,2-pointer,17,56-50,'DET',leads
202,202,202,200612310DET,47.5,5.0,3rd quarter,11:26.0,Raja Bell,PHO,False,3-pointer,24,56-50,'DET',leads
203,203,203,200612310DET,29.1,29.8,3rd quarter,10:55.0,Steve Nash,PHO,True,3-pointer,25,59-50,'DET',leads
204,204,204,200612310DET,24.0,5.0,3rd quarter,10:27.0,Amar'e Stoudemire,PHO,True,2-pointer,0,61-50,'DET',leads
205,205,205,200612310DET,24.0,5.0,3rd quarter,10:00.0,Shawn Marion,PHO,True,2-pointer,0,63-52,'DET',leads
206,206,206,200612310DET,1.2,4.7,3rd quarter,9:18.0,Boris Diaw,PHO,False,3-pointer,23,63-54,'DET',leads
207,207,207,200612310DET,24.0,5.0,3rd quarter,9:15.0,Amar'e Stoudemire,PHO,False,2-pointer,0,63-54,'DET',leads
208,208,208,200612310DET,33.7,7.2,3rd quarter,8:01.0,Amar'e Stoudemire,PHO,False,2-pointer,10,65-56,'DET',leads
209,209,209,200612310DET,30.9,30.7,3rd quarter,7:27.0,Steve Nash,PHO,False,3-pointer,27,65-58,'DET',leads
210,210,210,200612310DET,30.1,29.8,3rd quarter,6:44.0,Steve Nash,PHO,True,3-pointer,26,68-60,'DET',leads
211,211,211,200612310DET,11.0,9.8,3rd quarter,6:13.0,Shawn Marion,PHO,False,2-pointer,14,68-61,'DET',leads
212,212,212,200612310DET,40.4,20.1,3rd quarter,5:34.0,Steve Nash,PHO,True,2-pointer,22,70-61,'DET',leads
213,213,213,200612310DET,24.0,5.0,3rd quarter,5:07.0,Shawn Marion,PHO,True,2-pointer,0,72-61,'DET',leads
214,214,214,200612310DET,41.9,6.8,3rd quarter,4:21.0,Steve Nash,PHO,False,2-pointer,18,73-63,'DET',leads
215,215,215,200612310DET,24.0,5.0,3rd quarter,3:57.0,Shawn Marion,PHO,True,2-pointer,0,75-63,'DET',leads
216,216,216,200612310DET,47.5,3.9,3rd quarter,3:21.0,Shawn Marion,PHO,False,3-pointer,24,75-66,'DET',leads
217,217,217,200612310DET,43.2,12.6,3rd quarter,2:57.0,Leandro Barbosa,PHO,False,2-pointer,21,75-69,'DET',leads
218,218,218,200612310DET,38.1,12.9,3rd quarter,2:28.0,Kurt Thomas,PHO,False,2-pointer,16,75-71,'DET',leads
219,219,219,200612310DET,1.0,5.3,3rd quarter,1:47.0,Raja Bell,PHO,True,3-pointer,23,78-73,'DET',leads
220,220,220,200612310DET,40.6,12.9,3rd quarter,0:01.9,Raja Bell,PHO,True,2-pointer,18,84-78,'DET',leads
221,221,221,200612310DET,28.7,10.4,4th quarter,11:40.0,Leandro Barbosa,PHO,False,2-pointer,7,84-78,'DET',leads
222,222,222,200612310DET,26.0,12.7,4th quarter,11:20.0,Raja Bell,PHO,False,2-pointer,8,84-78,'DET',leads
223,223,223,200612310DET,41.4,4.9,4th quarter,11:04.0,Kurt Thomas,PHO,True,2-pointer,17,86-80,'DET',leads
224,224,224,200612310DET,43.2,3.7,4th quarter,10:39.0,Kurt Thomas,PHO,False,2-pointer,19,86-80,'DET',leads
225,225,225,200612310DET,38.3,5.0,4th quarter,10:12.0,Amar'e Stoudemire,PHO,True,2-pointer,14,88-80,'DET',leads
226,226,226,200612310DET,24.0,5.0,4th quarter,9:35.0,Shawn Marion,PHO,False,2-pointer,0,88-80,'DET',leads
227,227,227,200612310DET,39.4,10.3,4th quarter,9:12.0,Kurt Thomas,PHO,False,2-pointer,16,88-80,'DET',leads
228,228,228,200612310DET,31.7,30.3,4th quarter,9:00.0,Steve Nash,PHO,False,3-pointer,26,88-80,'DET',leads
229,229,229,200612310DET,37.0,8.6,4th quarter,8:29.0,Steve Nash,PHO,False,2-pointer,13,88-80,'DET',leads
230,230,230,200612310DET,38.8,5.0,4th quarter,7:42.0,Shawn Marion,PHO,False,2-pointer,15,88-80,'DET',leads
231,231,231,200612310DET,31.9,29.8,4th quarter,7:03.0,Steve Nash,PHO,False,3-pointer,26,90-82,'DET',leads
232,232,232,200612310DET,24.0,5.0,4th quarter,6:40.0,Shawn Marion,PHO,False,2-pointer,0,90-84,'DET',leads
233,233,233,200612310DET,7.2,5.7,4th quarter,5:38.0,Leandro Barbosa,PHO,False,2-pointer,17,90-89,'DET',leads
234,234,234,200612310DET,24.0,5.0,4th quarter,5:11.0,Jumaine Jones,PHO,False,2-pointer,0,90-89,'DET',leads
235,235,235,200612310DET,28.6,21.9,4th quarter,4:44.0,Steve Nash,PHO,True,2-pointer,18,92-91,'DET',leads
236,236,236,200612310DET,13.5,28.5,4th quarter,4:14.0,Steve Nash,PHO,True,3-pointer,26,95-91,'DET',leads
237,237,237,200612310DET,8.7,8.6,4th quarter,3:35.0,Leandro Barbosa,PHO,True,2-pointer,16,97-93,'DET',leads
238,238,238,200612310DET,24.0,5.0,4th quarter,2:31.0,Amar'e Stoudemire,PHO,True,2-pointer,0,101-95,'DET',leads
239,239,239,200612310DET,24.0,5.0,4th quarter,0:56.9,Steve Nash,PHO,True,2-pointer,0,103-99,'DET',leads
240,240,240,200612310DET,16.0,30.5,4th quarter,0:30.9,Steve Nash,PHO,False,3-pointer,27,104-99,'DET',leads
241,241,241,200612310DET,14.0,6.0,1st quarter,11:25.0,Ronald Murray,DET,True,2-pointer,10,2-0,'DET',leads
242,242,242,200612310DET,37.5,8.0,1st quarter,10:49.0,Ronald Murray,DET,False,2-pointer,14,2-0,'DET',leads
243,243,243,200612310DET,38.0,8.8,1st quarter,10:18.0,Richard Hamilton,DET,True,2-pointer,15,4-0,'DET',leads
244,244,244,200612310DET,24.0,5.0,1st quarter,9:57.0,Tayshaun Prince,DET,True,2-pointer,0,6-0,'DET',leads
245,245,245,200612310DET,34.3,8.3,1st quarter,9:12.0,Richard Hamilton,DET,True,2-pointer,11,8-3,'DET',leads
246,246,246,200612310DET,47.5,8.6,1st quarter,8:40.0,Tayshaun Prince,DET,False,3-pointer,24,8-5,'DET',leads
247,247,247,200612310DET,14.0,16.0,1st quarter,8:08.0,Richard Hamilton,DET,False,2-pointer,15,8-7,'DET',leads
248,248,248,200612310DET,28.3,8.5,1st quarter,7:15.0,Nazr Mohammed,DET,False,2-pointer,6,8-8,'DET',tied
249,249,249,200612310DET,29.6,5.3,1st quarter,6:43.0,Rasheed Wallace,DET,True,2-pointer,6,10-11,'DET',trails
250,250,250,200612310DET,20.9,14.4,1st quarter,5:57.0,Richard Hamilton,DET,True,2-pointer,10,12-13,'DET',trails
251,251,251,200612310DET,9.2,5.8,1st quarter,4:59.0,Rasheed Wallace,DET,False,2-pointer,15,12-17,'DET',trails
252,252,252,200612310DET,28.1,13.7,1st quarter,3:45.0,Ronald Murray,DET,False,2-pointer,10,14-19,'DET',trails
253,253,253,200612310DET,24.0,5.0,1st quarter,3:17.0,Tayshaun Prince,DET,False,2-pointer,0,14-19,'DET',trails
254,254,254,200612310DET,24.0,5.0,1st quarter,2:46.0,Antonio McDyess,DET,False,2-pointer,0,14-21,'DET',trails
255,255,255,200612310DET,41.7,4.9,1st quarter,2:04.0,Tayshaun Prince,DET,True,2-pointer,18,16-23,'DET',trails
256,256,256,200612310DET,11.4,5.0,1st quarter,1:30.0,Richard Hamilton,DET,False,2-pointer,13,16-25,'DET',trails
257,257,257,200612310DET,13.0,19.6,1st quarter,0:57.8,Tayshaun Prince,DET,True,2-pointer,18,18-27,'DET',trails
258,258,258,200612310DET,30.2,31.3,1st quarter,0:37.9,Rasheed Wallace,DET,False,3-pointer,27,18-27,'DET',trails
259,259,259,200612310DET,26.6,16.0,1st quarter,0:32.0,Richard Hamilton,DET,True,2-pointer,11,20-27,'DET',trails
260,260,260,200612310DET,22.5,11.4,1st quarter,0:00.6,Richard Hamilton,DET,True,2-pointer,7,22-29,'DET',trails
261,261,261,200612310DET,40.1,10.4,2nd quarter,11:35.0,Tayshaun Prince,DET,True,2-pointer,17,24-29,'DET',trails
262,262,262,200612310DET,31.2,6.5,2nd quarter,10:48.0,Tayshaun Prince,DET,False,2-pointer,7,24-29,'DET',trails
263,263,263,200612310DET,24.0,5.0,2nd quarter,10:43.0,Jason Maxiell,DET,True,2-pointer,0,26-29,'DET',trails
264,264,264,200612310DET,40.7,5.0,2nd quarter,10:06.0,Antonio McDyess,DET,True,2-pointer,17,28-29,'DET',trails
265,265,265,200612310DET,24.0,5.0,2nd quarter,9:23.0,Carlos Delfino,DET,True,2-pointer,0,30-32,'DET',trails
266,266,266,200612310DET,8.6,6.0,2nd quarter,8:54.0,Antonio McDyess,DET,True,2-pointer,15,33-32,'DET',leads
267,267,267,200612310DET,41.4,16.0,2nd quarter,7:39.0,Carlos Delfino,DET,True,2-pointer,21,35-36,'DET',trails
268,268,268,200612310DET,10.2,6.0,2nd quarter,7:05.0,Antonio McDyess,DET,False,2-pointer,14,35-38,'DET',trails
269,269,269,200612310DET,28.1,25.2,2nd quarter,5:44.0,Rasheed Wallace,DET,False,2-pointer,21,37-43,'DET',trails
270,270,270,200612310DET,24.0,5.0,2nd quarter,4:38.0,Ronald Murray,DET,True,2-pointer,0,41-47,'DET',trails
271,271,271,200612310DET,24.0,5.0,2nd quarter,4:12.0,Carlos Delfino,DET,True,2-pointer,0,43-50,'DET',trails
272,272,272,200612310DET,8.4,26.7,2nd quarter,3:42.0,Carlos Delfino,DET,False,3-pointer,27,43-50,'DET',trails
273,273,273,200612310DET,24.0,5.0,2nd quarter,3:29.0,Rasheed Wallace,DET,True,2-pointer,0,45-50,'DET',trails
274,274,274,200612310DET,36.3,27.7,2nd quarter,2:53.0,Rasheed Wallace,DET,False,3-pointer,26,45-50,'DET',trails
275,275,275,200612310DET,38.8,5.5,2nd quarter,2:08.0,Richard Hamilton,DET,False,2-pointer,15,45-52,'DET',trails
276,276,276,200612310DET,20.7,31.8,2nd quarter,1:01.0,Rasheed Wallace,DET,False,3-pointer,27,45-54,'DET',trails
277,277,277,200612310DET,24.0,5.0,2nd quarter,1:00.0,Antonio McDyess,DET,True,2-pointer,0,47-54,'DET',trails
278,278,278,200612310DET,24.0,5.0,2nd quarter,0:36.3,Richard Hamilton,DET,True,2-pointer,0,50-54,'DET',trails
279,279,279,200612310DET,16.5,21.4,2nd quarter,0:00.9,Richard Hamilton,DET,False,2-pointer,18,50-56,'DET',trails
280,280,280,200612310DET,8.1,8.5,3rd quarter,11:45.0,Richard Hamilton,DET,False,2-pointer,16,50-56,'DET',trails
281,281,281,200612310DET,31.7,8.0,3rd quarter,11:09.0,Rasheed Wallace,DET,False,2-pointer,8,50-56,'DET',trails
282,282,282,200612310DET,24.0,5.0,3rd quarter,11:07.0,Nazr Mohammed,DET,False,2-pointer,0,50-56,'DET',trails
283,283,283,200612310DET,32.4,19.6,3rd quarter,10:42.0,Rasheed Wallace,DET,False,2-pointer,17,50-59,'DET',trails
284,284,284,200612310DET,24.0,5.0,3rd quarter,10:15.0,Rasheed Wallace,DET,True,2-pointer,0,52-61,'DET',trails
285,285,285,200612310DET,39.4,25.4,3rd quarter,9:42.0,Rasheed Wallace,DET,False,3-pointer,26,52-63,'DET',trails
286,286,286,200612310DET,24.0,5.0,3rd quarter,9:39.0,Nazr Mohammed,DET,True,2-pointer,0,54-63,'DET',trails
287,287,287,200612310DET,24.0,5.0,3rd quarter,8:31.0,Ronald Murray,DET,True,2-pointer,0,56-63,'DET',trails
288,288,288,200612310DET,7.1,23.4,3rd quarter,8:10.0,Rasheed Wallace,DET,False,3-pointer,25,56-65,'DET',trails
289,289,289,200612310DET,14.6,19.1,3rd quarter,7:49.0,Richard Hamilton,DET,True,2-pointer,17,58-65,'DET',trails
290,290,290,200612310DET,1.0,5.0,3rd quarter,7:15.0,Ronald Murray,DET,False,3-pointer,23,58-65,'DET',trails
291,291,291,200612310DET,15.8,12.1,3rd quarter,7:00.0,Richard Hamilton,DET,True,2-pointer,11,60-65,'DET',trails
292,292,292,200612310DET,24.0,5.0,3rd quarter,6:24.0,Ronald Murray,DET,False,2-pointer,0,60-68,'DET',trails
293,293,293,200612310DET,7.2,25.7,3rd quarter,5:56.0,Rasheed Wallace,DET,False,3-pointer,27,61-68,'DET',trails
294,294,294,200612310DET,0.5,3.2,3rd quarter,5:12.0,Richard Hamilton,DET,False,3-pointer,24,61-70,'DET',trails
295,295,295,200612310DET,24.0,5.0,3rd quarter,4:49.0,Richard Hamilton,DET,False,2-pointer,0,61-73,'DET',trails
296,296,296,200612310DET,24.0,5.0,3rd quarter,4:38.0,Tayshaun Prince,DET,True,2-pointer,0,63-73,'DET',trails
297,297,297,200612310DET,8.2,6.0,3rd quarter,4:04.0,Nazr Mohammed,DET,False,2-pointer,16,63-73,'DET',trails
298,298,298,200612310DET,24.0,5.0,3rd quarter,3:34.0,Richard Hamilton,DET,True,2-pointer,0,65-75,'DET',trails
299,299,299,200612310DET,24.0,5.0,3rd quarter,3:09.0,Richard Hamilton,DET,True,2-pointer,0,68-75,'DET',trails
300,300,300,200612310DET,10.5,5.0,3rd quarter,2:40.0,Ronald Murray,DET,True,2-pointer,14,71-75,'DET',trails
301,301,301,200612310DET,16.8,12.2,3rd quarter,2:11.0,Ronald Murray,DET,True,2-pointer,10,73-75,'DET',trails
302,302,302,200612310DET,38.9,9.0,3rd quarter,0:51.9,Tayshaun Prince,DET,False,2-pointer,15,74-80,'DET',trails
303,303,303,200612310DET,24.0,5.0,3rd quarter,0:50.2,Antonio McDyess,DET,True,2-pointer,0,76-80,'DET',trails
304,304,304,200612310DET,36.6,15.5,3rd quarter,0:13.7,Jason Maxiell,DET,True,2-pointer,16,78-82,'DET',trails
305,305,305,200612310DET,7.4,25.4,4th quarter,10:27.0,Carlos Delfino,DET,False,3-pointer,26,80-86,'DET',trails
306,306,306,200612310DET,6.6,5.8,4th quarter,9:56.0,Antonio McDyess,DET,False,2-pointer,17,80-88,'DET',trails
307,307,307,200612310DET,24.0,5.0,4th quarter,8:47.0,Richard Hamilton,DET,False,2-pointer,0,80-88,'DET',trails
308,308,308,200612310DET,24.0,5.0,4th quarter,8:14.0,Richard Hamilton,DET,False,2-pointer,0,80-88,'DET',trails
309,309,309,200612310DET,0.5,5.7,4th quarter,7:58.0,Richard Hamilton,DET,False,3-pointer,24,80-88,'DET',trails
310,310,310,200612310DET,34.7,5.3,4th quarter,7:28.0,Rasheed Wallace,DET,True,2-pointer,11,82-90,'DET',trails
311,311,311,200612310DET,24.0,5.0,4th quarter,6:56.0,Carlos Delfino,DET,False,2-pointer,0,82-90,'DET',trails
312,312,312,200612310DET,24.0,5.0,4th quarter,6:50.0,Tayshaun Prince,DET,True,2-pointer,0,84-90,'DET',trails
313,313,313,200612310DET,35.0,27.2,4th quarter,6:24.0,Carlos Delfino,DET,True,3-pointer,25,87-90,'DET',trails
314,314,314,200612310DET,24.0,5.0,4th quarter,5:04.0,Ronald Murray,DET,True,2-pointer,0,91-90,'DET',leads
315,315,315,200612310DET,9.9,4.7,4th quarter,4:25.0,Rasheed Wallace,DET,False,2-pointer,14,91-92,'DET',trails
316,316,316,200612310DET,22.5,11.9,4th quarter,3:56.0,Richard Hamilton,DET,True,2-pointer,7,93-95,'DET',trails
317,317,317,200612310DET,43.0,5.0,4th quarter,3:16.0,Richard Hamilton,DET,False,2-pointer,19,93-97,'DET',trails
318,318,318,200612310DET,24.0,5.0,4th quarter,2:55.0,Ronald Murray,DET,True,2-pointer,0,95-99,'DET',trails
319,319,319,200612310DET,12.2,8.3,4th quarter,2:05.0,Ronald Murray,DET,True,2-pointer,12,97-101,'DET',trails
320,320,320,200612310DET,24.0,5.0,4th quarter,1:39.0,Carlos Delfino,DET,True,2-pointer,0,99-101,'DET',trails
321,321,321,200612310DET,33.2,28.7,4th quarter,1:03.0,Carlos Delfino,DET,False,3-pointer,25,99-101,'DET',trails
322,322,322,200612310DET,8.9,4.9,4th quarter,0:54.9,Rasheed Wallace,DET,False,2-pointer,15,99-104,'DET',trails
323,323,323,200612310DET,24.0,5.0,4th quarter,0:23.9,Ronald Murray,DET,False,2-pointer,0,99-104,'DET',trails
324,324,324,200612310DET,13.5,28.5,4th quarter,0:14.9,Rasheed Wallace,DET,False,3-pointer,26,99-106,'DET',trails
325,325,325,200612310DET,13.3,6.0,4th quarter,0:11.2,Ronald Murray,DET,True,2-pointer,11,101-106,'DET',trails
326,326,326,200612310HOU,29.2,16.0,1st quarter,11:40.0,Alexander Johnson,MEM,True,2-pointer,12,2-0,'HOU',leads
327,327,327,200612310HOU,41.1,22.4,1st quarter,11:00.0,Eddie Jones,MEM,False,3-pointer,24,2-1,'HOU',leads
328,328,328,200612310HOU,24.0,5.0,1st quarter,10:31.0,Damon Stoudamire,MEM,False,2-pointer,0,2-1,'HOU',leads
329,329,329,200612310HOU,32.5,6.0,1st quarter,9:34.0,Pau Gasol,MEM,True,2-pointer,9,4-3,'HOU',leads
330,330,330,200612310HOU,24.3,14.2,1st quarter,8:55.0,Damon Stoudamire,MEM,True,2-pointer,9,6-5,'HOU',leads
331,331,331,200612310HOU,14.8,20.8,1st quarter,8:23.0,Damon Stoudamire,MEM,False,2-pointer,18,6-5,'HOU',leads
332,332,332,200612310HOU,31.1,8.6,1st quarter,7:49.0,Alexander Johnson,MEM,False,2-pointer,8,6-8,'HOU',trails
333,333,333,200612310HOU,14.3,19.8,1st quarter,7:23.0,Alexander Johnson,MEM,True,2-pointer,18,8-11,'HOU',trails
334,334,334,200612310HOU,23.2,31.0,1st quarter,6:54.0,Mike Miller,MEM,True,3-pointer,26,11-11,'HOU',tied
335,335,335,200612310HOU,28.3,9.9,1st quarter,6:21.0,Mike Miller,MEM,True,2-pointer,7,13-11,'HOU',leads
336,336,336,200612310HOU,27.4,23.4,1st quarter,5:53.0,Jake Tsakalidis,MEM,False,2-pointer,19,13-13,'HOU',tied
337,337,337,200612310HOU,15.3,4.7,1st quarter,5:41.0,Pau Gasol,MEM,False,2-pointer,9,13-13,'HOU',tied
338,338,338,200612310HOU,38.0,25.7,1st quarter,5:32.0,Mike Miller,MEM,False,3-pointer,25,13-13,'HOU',tied
339,339,339,200612310HOU,41.6,22.9,1st quarter,4:31.0,Mike Miller,MEM,False,3-pointer,25,13-13,'HOU',tied
340,340,340,200612310HOU,10.9,11.8,1st quarter,3:53.0,Rudy Gay,MEM,False,2-pointer,15,13-15,'HOU',trails
341,341,341,200612310HOU,20.2,6.0,1st quarter,3:29.0,Hakim Warrick,MEM,True,2-pointer,4,15-15,'HOU',tied
342,342,342,200612310HOU,24.0,5.0,1st quarter,3:05.0,Chucky Atkins,MEM,True,2-pointer,0,17-16,'HOU',leads
343,343,343,200612310HOU,39.9,19.0,1st quarter,2:38.0,Mike Miller,MEM,True,2-pointer,21,19-18,'HOU',leads
344,344,344,200612310HOU,40.6,25.1,1st quarter,2:20.0,Mike Miller,MEM,True,3-pointer,26,22-20,'HOU',leads
345,345,345,200612310HOU,39.9,25.1,1st quarter,1:54.0,Mike Miller,MEM,True,3-pointer,26,25-20,'HOU',leads
346,346,346,200612310HOU,24.0,5.0,1st quarter,1:20.0,Rudy Gay,MEM,True,2-pointer,0,27-22,'HOU',leads
347,347,347,200612310HOU,24.1,10.8,1st quarter,0:49.9,Rudy Gay,MEM,False,2-pointer,6,27-22,'HOU',leads
348,348,348,200612310HOU,24.0,5.0,1st quarter,0:27.9,Chucky Atkins,MEM,False,2-pointer,0,27-24,'HOU',leads
349,349,349,200612310HOU,24.0,5.0,1st quarter,0:27.7,Stromile Swift,MEM,True,2-pointer,0,29-24,'HOU',leads
350,350,350,200612310HOU,24.0,5.0,1st quarter,0:00.9,Rudy Gay,MEM,False,2-pointer,0,29-24,'HOU',leads
351,351,351,200612310HOU,39.6,11.9,2nd quarter,11:25.0,Rudy Gay,MEM,True,2-pointer,17,31-25,'HOU',leads
352,352,352,200612310HOU,24.0,5.0,2nd quarter,10:51.0,Pau Gasol,MEM,True,2-pointer,0,33-28,'HOU',leads
353,353,353,200612310HOU,39.8,16.8,2nd quarter,10:15.0,Chucky Atkins,MEM,True,2-pointer,20,35-31,'HOU',leads
354,354,354,200612310HOU,36.0,26.4,2nd quarter,9:03.0,Chucky Atkins,MEM,True,3-pointer,25,38-34,'HOU',leads
355,355,355,200612310HOU,24.0,5.0,2nd quarter,8:39.0,Chucky Atkins,MEM,True,2-pointer,0,40-36,'HOU',leads
356,356,356,200612310HOU,6.8,17.5,2nd quarter,7:40.0,Mike Miller,MEM,True,2-pointer,21,42-39,'HOU',leads
357,357,357,200612310HOU,17.9,12.1,2nd quarter,7:06.0,Alexander Johnson,MEM,False,2-pointer,9,42-42,'HOU',tied
358,358,358,200612310HOU,25.1,11.4,2nd quarter,5:56.0,Pau Gasol,MEM,True,2-pointer,6,45-42,'HOU',leads
359,359,359,200612310HOU,7.1,25.4,2nd quarter,4:57.0,Mike Miller,MEM,True,3-pointer,26,48-45,'HOU',leads
360,360,360,200612310HOU,0.7,6.8,2nd quarter,4:19.0,Eddie Jones,MEM,True,3-pointer,23,51-48,'HOU',leads
361,361,361,200612310HOU,23.5,31.1,2nd quarter,3:49.0,Mike Miller,MEM,True,3-pointer,26,54-48,'HOU',leads
362,362,362,200612310HOU,42.6,6.8,2nd quarter,1:52.0,Dahntay Jones,MEM,False,2-pointer,19,55-53,'HOU',leads
363,363,363,200612310HOU,24.0,5.0,2nd quarter,1:46.0,Stromile Swift,MEM,False,2-pointer,0,55-53,'HOU',leads
364,364,364,200612310HOU,14.3,23.6,3rd quarter,11:31.0,Mike Miller,MEM,False,2-pointer,21,59-60,'HOU',trails
365,365,365,200612310HOU,38.8,24.9,3rd quarter,10:33.0,Mike Miller,MEM,True,3-pointer,25,62-62,'HOU',tied
366,366,366,200612310HOU,14.6,19.8,3rd quarter,9:50.0,Pau Gasol,MEM,True,2-pointer,18,64-64,'HOU',tied
367,367,367,200612310HOU,35.3,20.5,3rd quarter,9:31.0,Damon Stoudamire,MEM,True,2-pointer,19,66-64,'HOU',leads
368,368,368,200612310HOU,35.2,28.3,3rd quarter,8:58.0,Eddie Jones,MEM,False,3-pointer,26,66-64,'HOU',leads
369,369,369,200612310HOU,23.8,24.7,3rd quarter,7:54.0,Damon Stoudamire,MEM,False,2-pointer,20,66-66,'HOU',tied
370,370,370,200612310HOU,13.8,7.8,3rd quarter,7:22.0,Pau Gasol,MEM,False,2-pointer,11,66-67,'HOU',trails
371,371,371,200612310HOU,9.7,29.7,3rd quarter,6:41.0,Mike Miller,MEM,False,3-pointer,29,66-69,'HOU',trails
372,372,372,200612310HOU,24.0,5.0,3rd quarter,6:20.0,Eddie Jones,MEM,False,2-pointer,0,66-69,'HOU',trails
373,373,373,200612310HOU,9.9,4.1,3rd quarter,6:12.0,Stromile Swift,MEM,False,2-pointer,14,66-69,'HOU',trails
374,374,374,200612310HOU,8.2,4.7,3rd quarter,6:07.0,Hakim Warrick,MEM,False,2-pointer,16,66-72,'HOU',trails
375,375,375,200612310HOU,24.0,5.0,3rd quarter,5:20.0,Stromile Swift,MEM,True,2-pointer,0,68-72,'HOU',trails
376,376,376,200612310HOU,10.7,26.9,3rd quarter,4:38.0,Chucky Atkins,MEM,False,3-pointer,26,68-75,'HOU',trails
377,377,377,200612310HOU,12.2,7.2,3rd quarter,4:13.0,Hakim Warrick,MEM,False,2-pointer,12,68-75,'HOU',trails
378,378,378,200612310HOU,24.0,5.0,3rd quarter,4:08.0,Dahntay Jones,MEM,False,2-pointer,0,68-75,'HOU',trails
379,379,379,200612310HOU,24.0,5.0,3rd quarter,4:05.0,Dahntay Jones,MEM,False,2-pointer,0,68-75,'HOU',trails
380,380,380,200612310HOU,24.0,5.0,3rd quarter,3:28.0,Hakim Warrick,MEM,False,2-pointer,0,70-75,'HOU',trails
381,381,381,200612310HOU,9.2,14.7,3rd quarter,3:04.0,Dahntay Jones,MEM,False,2-pointer,18,70-77,'HOU',trails
382,382,382,200612310HOU,24.0,5.0,3rd quarter,1:18.0,Hakim Warrick,MEM,True,2-pointer,0,74-84,'HOU',trails
383,383,383,200612310HOU,24.0,5.0,4th quarter,11:12.0,Stromile Swift,MEM,False,2-pointer,0,74-84,'HOU',trails
384,384,384,200612310HOU,17.9,7.3,4th quarter,10:17.0,Pau Gasol,MEM,True,2-pointer,7,76-84,'HOU',trails
385,385,385,200612310HOU,34.7,19.1,4th quarter,9:42.0,Dahntay Jones,MEM,True,2-pointer,18,79-87,'HOU',trails
386,386,386,200612310HOU,26.3,10.3,4th quarter,9:08.0,Dahntay Jones,MEM,True,2-pointer,6,81-87,'HOU',trails
387,387,387,200612310HOU,24.0,5.0,4th quarter,8:51.0,Dahntay Jones,MEM,False,2-pointer,0,81-87,'HOU',trails
388,388,388,200612310HOU,24.0,5.0,4th quarter,8:34.0,Mike Miller,MEM,True,2-pointer,0,83-87,'HOU',trails
389,389,389,200612310HOU,24.0,5.0,4th quarter,7:13.0,Dahntay Jones,MEM,True,2-pointer,0,85-87,'HOU',trails
390,390,390,200612310HOU,26.3,10.1,4th quarter,6:27.0,Stromile Swift,MEM,True,2-pointer,6,87-90,'HOU',trails
391,391,391,200612310HOU,24.0,5.0,4th quarter,5:24.0,Stromile Swift,MEM,True,2-pointer,0,91-92,'HOU',trails
392,392,392,200612310HOU,24.0,5.0,4th quarter,4:40.0,Chucky Atkins,MEM,True,2-pointer,0,93-92,'HOU',leads
393,393,393,200612310HOU,24.0,5.0,4th quarter,4:03.0,Stromile Swift,MEM,False,2-pointer,0,93-94,'HOU',trails
394,394,394,200612310HOU,16.9,4.7,4th quarter,3:12.0,Pau Gasol,MEM,False,2-pointer,7,95-96,'HOU',trails
395,395,395,200612310HOU,24.0,5.0,4th quarter,2:33.0,Mike Miller,MEM,False,2-pointer,0,95-99,'HOU',trails
396,396,396,200612310HOU,24.0,5.0,4th quarter,2:07.0,Chucky Atkins,MEM,False,2-pointer,0,95-101,'HOU',trails
397,397,397,200612310HOU,24.0,5.0,4th quarter,1:51.0,Pau Gasol,MEM,True,2-pointer,0,97-104,'HOU',trails
398,398,398,200612310HOU,18.9,7.8,4th quarter,1:21.0,Pau Gasol,MEM,True,2-pointer,6,99-106,'HOU',trails
399,399,399,200612310HOU,6.3,23.6,4th quarter,0:52.6,Mike Miller,MEM,True,3-pointer,26,102-106,'HOU',trails
400,400,400,200612310HOU,24.0,5.0,4th quarter,0:17.9,Pau Gasol,MEM,False,2-pointer,0,104-109,'HOU',trails
401,401,401,200612310HOU,19.7,9.8,4th quarter,0:15.2,Mike Miller,MEM,True,2-pointer,6,106-109,'HOU',trails
402,402,402,200612310HOU,21.4,9.9,4th quarter,0:07.9,Pau Gasol,MEM,False,2-pointer,6,106-110,'HOU',trails
403,403,403,200612310HOU,24.0,5.0,4th quarter,0:06.2,Stromile Swift,MEM,True,2-pointer,0,108-110,'HOU',trails
404,404,404,200612310HOU,3.3,21.0,1st quarter,11:12.0,Rafer Alston,HOU,False,3-pointer,26,1-2,'HOU',trails
405,405,405,200612310HOU,3.6,19.3,1st quarter,11:08.0,Rafer Alston,HOU,False,3-pointer,25,1-2,'HOU',trails
406,406,406,200612310HOU,39.1,5.8,1st quarter,10:08.0,Juwan Howard,HOU,False,2-pointer,15,1-2,'HOU',trails
407,407,407,200612310HOU,24.0,5.0,1st quarter,9:56.0,Juwan Howard,HOU,True,2-pointer,0,3-2,'HOU',leads
408,408,408,200612310HOU,18.9,8.0,1st quarter,9:16.0,Juwan Howard,HOU,True,2-pointer,6,5-4,'HOU',leads
409,409,409,200612310HOU,22.0,10.4,1st quarter,8:40.0,Tracy McGrady,HOU,False,2-pointer,6,5-6,'HOU',trails
410,410,410,200612310HOU,8.1,9.5,1st quarter,8:08.0,Juwan Howard,HOU,False,2-pointer,17,5-6,'HOU',trails
411,411,411,200612310HOU,12.3,27.2,1st quarter,8:03.0,Tracy McGrady,HOU,True,3-pointer,25,8-6,'HOU',leads
412,412,412,200612310HOU,7.4,23.1,1st quarter,7:41.0,Tracy McGrady,HOU,True,3-pointer,25,11-6,'HOU',leads
413,413,413,200612310HOU,39.8,16.7,1st quarter,6:08.0,Tracy McGrady,HOU,True,2-pointer,20,13-13,'HOU',tied
414,414,414,200612310HOU,24.0,5.0,1st quarter,5:23.0,Rafer Alston,HOU,False,2-pointer,0,13-13,'HOU',tied
415,415,415,200612310HOU,21.7,10.9,1st quarter,5:02.0,Shane Battier,HOU,False,2-pointer,6,13-13,'HOU',tied
416,416,416,200612310HOU,24.0,5.0,1st quarter,4:38.0,Tracy McGrady,HOU,False,2-pointer,0,13-13,'HOU',tied
417,417,417,200612310HOU,24.0,5.0,1st quarter,4:14.0,Rafer Alston,HOU,True,2-pointer,0,15-13,'HOU',leads
418,418,418,200612310HOU,31.2,8.1,1st quarter,3:42.0,Tracy McGrady,HOU,False,2-pointer,8,15-13,'HOU',leads
419,419,419,200612310HOU,24.0,5.0,1st quarter,2:49.0,Shane Battier,HOU,True,2-pointer,0,18-17,'HOU',leads
420,420,420,200612310HOU,41.1,6.0,1st quarter,2:29.0,Rafer Alston,HOU,False,2-pointer,17,18-19,'HOU',trails
421,421,421,200612310HOU,24.0,5.0,1st quarter,2:27.0,Chuck Hayes,HOU,False,2-pointer,0,18-19,'HOU',trails
422,422,422,200612310HOU,24.0,5.0,1st quarter,2:26.0,Chuck Hayes,HOU,True,2-pointer,0,20-19,'HOU',leads
423,423,423,200612310HOU,30.6,7.2,1st quarter,2:00.0,Shane Battier,HOU,False,2-pointer,7,20-22,'HOU',trails
424,424,424,200612310HOU,26.9,9.6,1st quarter,1:34.0,Juwan Howard,HOU,True,2-pointer,5,22-25,'HOU',trails
425,425,425,200612310HOU,28.9,30.3,1st quarter,0:58.9,Rafer Alston,HOU,False,3-pointer,26,22-27,'HOU',trails
426,426,426,200612310HOU,24.0,5.0,1st quarter,0:36.6,Luther Head,HOU,True,2-pointer,0,24-27,'HOU',trails
427,427,427,200612310HOU,35.8,21.8,1st quarter,0:06.9,Rafer Alston,HOU,False,2-pointer,21,24-29,'HOU',trails
428,428,428,200612310HOU,32.9,19.0,2nd quarter,11:36.0,John Lucas,HOU,False,2-pointer,17,25-29,'HOU',trails
429,429,429,200612310HOU,11.0,9.9,2nd quarter,11:08.0,Juwan Howard,HOU,False,2-pointer,14,25-31,'HOU',trails
430,430,430,200612310HOU,8.4,25.1,2nd quarter,11:03.0,John Lucas,HOU,True,3-pointer,25,28-31,'HOU',trails
431,431,431,200612310HOU,46.8,10.6,2nd quarter,10:36.0,Luther Head,HOU,True,3-pointer,23,31-33,'HOU',trails
432,432,432,200612310HOU,24.0,5.0,2nd quarter,9:58.0,Chuck Hayes,HOU,True,2-pointer,0,33-35,'HOU',trails
433,433,433,200612310HOU,11.4,18.8,2nd quarter,8:47.0,Tracy McGrady,HOU,False,2-pointer,19,34-38,'HOU',trails
434,434,434,200612310HOU,24.0,5.0,2nd quarter,8:44.0,Juwan Howard,HOU,True,2-pointer,0,36-38,'HOU',trails
435,435,435,200612310HOU,24.0,5.0,2nd quarter,8:20.0,Tracy McGrady,HOU,False,2-pointer,0,36-40,'HOU',trails
436,436,436,200612310HOU,35.0,26.7,2nd quarter,7:57.0,Tracy McGrady,HOU,True,3-pointer,24,39-40,'HOU',trails
437,437,437,200612310HOU,33.0,28.0,2nd quarter,7:24.0,Tracy McGrady,HOU,True,3-pointer,25,42-42,'HOU',tied
438,438,438,200612310HOU,1.7,6.0,2nd quarter,6:58.0,John Lucas,HOU,False,3-pointer,22,42-42,'HOU',tied
439,439,439,200612310HOU,18.9,33.3,2nd quarter,6:09.0,Tracy McGrady,HOU,False,3-pointer,29,42-43,'HOU',trails
440,440,440,200612310HOU,22.7,9.6,2nd quarter,5:37.0,Shane Battier,HOU,False,2-pointer,5,42-45,'HOU',trails
441,441,441,200612310HOU,18.8,13.4,2nd quarter,5:32.0,Luther Head,HOU,False,2-pointer,10,42-45,'HOU',trails
442,442,442,200612310HOU,24.0,5.0,2nd quarter,5:28.0,Shane Battier,HOU,False,2-pointer,0,42-45,'HOU',trails
443,443,443,200612310HOU,6.3,22.9,2nd quarter,5:23.0,John Lucas,HOU,False,3-pointer,25,42-45,'HOU',trails
444,444,444,200612310HOU,45.3,16.4,2nd quarter,5:17.0,Luther Head,HOU,True,3-pointer,24,45-45,'HOU',tied
445,445,445,200612310HOU,24.0,5.0,2nd quarter,4:40.0,John Lucas,HOU,True,2-pointer,0,47-48,'HOU',trails
446,446,446,200612310HOU,24.0,5.0,2nd quarter,4:00.0,Chuck Hayes,HOU,False,2-pointer,0,48-51,'HOU',trails
447,447,447,200612310HOU,8.4,5.7,2nd quarter,3:34.0,Tracy McGrady,HOU,True,2-pointer,16,50-54,'HOU',trails
448,448,448,200612310HOU,25.1,10.1,2nd quarter,3:05.0,Juwan Howard,HOU,False,2-pointer,5,50-54,'HOU',trails
449,449,449,200612310HOU,24.0,5.0,2nd quarter,2:08.0,Tracy McGrady,HOU,True,2-pointer,0,52-55,'HOU',trails
450,450,450,200612310HOU,41.7,8.8,2nd quarter,1:31.0,Tracy McGrady,HOU,True,2-pointer,18,55-55,'HOU',tied
451,451,451,200612310HOU,34.8,28.0,2nd quarter,1:02.0,Shane Battier,HOU,False,3-pointer,25,55-55,'HOU',tied
452,452,452,200612310HOU,42.7,13.2,2nd quarter,0:29.9,Tracy McGrady,HOU,False,2-pointer,20,55-57,'HOU',trails
453,453,453,200612310HOU,35.5,27.9,2nd quarter,0:01.9,Rafer Alston,HOU,True,3-pointer,26,58-59,'HOU',trails
454,454,454,200612310HOU,24.0,5.0,3rd quarter,11:47.0,Rafer Alston,HOU,True,2-pointer,0,60-59,'HOU',leads
455,455,455,200612310HOU,24.0,5.0,3rd quarter,10:18.0,Tracy McGrady,HOU,True,2-pointer,0,64-62,'HOU',leads
456,456,456,200612310HOU,36.3,21.0,3rd quarter,9:38.0,Tracy McGrady,HOU,False,2-pointer,20,64-64,'HOU',tied
457,457,457,200612310HOU,0.5,6.3,3rd quarter,9:13.0,Shane Battier,HOU,False,3-pointer,24,64-66,'HOU',trails
458,458,458,200612310HOU,46.8,6.2,3rd quarter,8:46.0,Rafer Alston,HOU,False,3-pointer,23,64-66,'HOU',trails
459,459,459,200612310HOU,7.4,6.5,3rd quarter,8:15.0,Juwan Howard,HOU,True,2-pointer,17,66-66,'HOU',tied
460,460,460,200612310HOU,38.6,6.7,3rd quarter,7:14.0,Tracy McGrady,HOU,False,2-pointer,15,67-66,'HOU',leads
461,461,461,200612310HOU,24.0,5.0,3rd quarter,7:12.0,Dikembe Mutombo,HOU,False,2-pointer,0,67-66,'HOU',leads
462,462,462,200612310HOU,24.0,5.0,3rd quarter,7:06.0,Rafer Alston,HOU,False,2-pointer,0,67-66,'HOU',leads
463,463,463,200612310HOU,24.0,5.0,3rd quarter,7:05.0,Dikembe Mutombo,HOU,True,2-pointer,0,69-66,'HOU',leads
464,464,464,200612310HOU,11.4,10.1,3rd quarter,5:31.0,Tracy McGrady,HOU,False,2-pointer,14,72-66,'HOU',leads
465,465,465,200612310HOU,24.0,5.0,3rd quarter,5:03.0,Tracy McGrady,HOU,False,2-pointer,0,72-68,'HOU',leads
466,466,466,200612310HOU,24.0,5.0,3rd quarter,5:02.0,Tracy McGrady,HOU,False,2-pointer,0,72-68,'HOU',leads
467,467,467,200612310HOU,24.0,5.0,3rd quarter,5:01.0,Tracy McGrady,HOU,True,2-pointer,0,74-68,'HOU',leads
468,468,468,200612310HOU,24.0,5.0,3rd quarter,3:42.0,Rafer Alston,HOU,False,2-pointer,0,75-70,'HOU',leads
469,469,469,200612310HOU,24.0,5.0,3rd quarter,3:41.0,Dikembe Mutombo,HOU,False,2-pointer,0,75-70,'HOU',leads
470,470,470,200612310HOU,34.8,28.3,3rd quarter,3:34.0,Tracy McGrady,HOU,False,3-pointer,26,75-70,'HOU',leads
471,471,471,200612310HOU,11.4,14.2,3rd quarter,3:11.0,Tracy McGrady,HOU,True,2-pointer,16,77-70,'HOU',leads
472,472,472,200612310HOU,36.8,21.1,3rd quarter,2:20.0,Tracy McGrady,HOU,True,2-pointer,21,81-70,'HOU',leads
473,473,473,200612310HOU,27.3,29.8,3rd quarter,1:57.0,Luther Head,HOU,True,3-pointer,25,84-72,'HOU',leads
474,474,474,200612310HOU,5.6,21.9,3rd quarter,1:36.0,Luther Head,HOU,False,3-pointer,25,84-72,'HOU',leads
475,475,475,200612310HOU,1.7,12.2,3rd quarter,0:38.6,Rafer Alston,HOU,False,3-pointer,23,84-74,'HOU',leads
476,476,476,200612310HOU,34.8,20.8,3rd quarter,0:09.9,Rafer Alston,HOU,False,2-pointer,19,84-74,'HOU',leads
477,477,477,200612310HOU,24.0,5.0,4th quarter,11:30.0,Rafer Alston,HOU,False,2-pointer,0,84-74,'HOU',leads
478,478,478,200612310HOU,2.0,15.5,4th quarter,11:00.0,Steve Novak,HOU,False,3-pointer,24,84-74,'HOU',leads
479,479,479,200612310HOU,5.8,24.2,4th quarter,10:05.0,Steve Novak,HOU,True,3-pointer,26,87-77,'HOU',leads
480,480,480,200612310HOU,18.4,21.4,4th quarter,9:19.0,Shane Battier,HOU,False,2-pointer,17,87-79,'HOU',leads
481,481,481,200612310HOU,39.9,24.2,4th quarter,8:11.0,Rafer Alston,HOU,False,3-pointer,25,87-83,'HOU',leads
482,482,482,200612310HOU,15.0,8.5,4th quarter,7:47.0,Tracy McGrady,HOU,False,2-pointer,10,87-83,'HOU',leads
483,483,483,200612310HOU,12.7,27.7,4th quarter,6:50.0,Tracy McGrady,HOU,True,3-pointer,25,90-85,'HOU',leads
484,484,484,200612310HOU,15.5,7.6,4th quarter,6:06.0,Tracy McGrady,HOU,True,2-pointer,9,92-87,'HOU',leads
485,485,485,200612310HOU,0.8,6.0,4th quarter,5:30.0,Shane Battier,HOU,False,3-pointer,23,92-89,'HOU',leads
486,486,486,200612310HOU,46.7,6.7,4th quarter,5:04.0,Shane Battier,HOU,False,3-pointer,23,92-91,'HOU',leads
487,487,487,200612310HOU,8.6,26.5,4th quarter,4:53.0,Tracy McGrady,HOU,False,3-pointer,26,92-91,'HOU',leads
488,488,488,200612310HOU,26.1,14.5,4th quarter,4:19.0,Rafer Alston,HOU,True,2-pointer,10,94-93,'HOU',leads
489,489,489,200612310HOU,24.0,5.0,4th quarter,2:54.0,Rafer Alston,HOU,False,2-pointer,0,96-95,'HOU',leads
490,490,490,200612310HOU,10.9,26.9,4th quarter,2:48.0,Shane Battier,HOU,True,3-pointer,26,99-95,'HOU',leads
491,491,491,200612310HOU,14.8,20.0,4th quarter,2:20.0,Tracy McGrady,HOU,True,2-pointer,18,101-95,'HOU',leads
492,492,492,200612310HOU,0.7,5.5,4th quarter,1:58.0,Luther Head,HOU,True,3-pointer,23,104-95,'HOU',leads
493,493,493,200612310HOU,35.0,7.5,4th quarter,0:58.9,Juwan Howard,HOU,False,2-pointer,11,106-99,'HOU',leads
494,494,494,200612310HOU,9.5,25.9,4th quarter,0:33.6,Luther Head,HOU,True,3-pointer,25,109-102,'HOU',leads
495,495,495,200612310LAC,5.8,22.4,1st quarter,11:19.0,Jared Jeffries,NYK,False,3-pointer,25,0-2,'NYK',trails
496,496,496,200612310LAC,37.8,17.2,1st quarter,10:11.0,Stephon Marbury,NYK,True,2-pointer,18,2-4,'NYK',trails
497,497,497,200612310LAC,25.6,8.8,1st quarter,9:41.0,Channing Frye,NYK,False,2-pointer,4,2-6,'NYK',trails
498,498,498,200612310LAC,24.0,5.0,1st quarter,9:38.0,Channing Frye,NYK,True,2-pointer,0,4-6,'NYK',trails
499,499,499,200612310LAC,24.0,5.0,1st quarter,9:13.0,Eddy Curry,NYK,True,2-pointer,0,6-8,'NYK',trails
500,500,500,200612310LAC,23.4,21.6,1st quarter,8:56.0,Stephon Marbury,NYK,False,2-pointer,17,6-10,'NYK',trails
501,501,501,200612310LAC,24.0,5.0,1st quarter,8:28.0,Stephon Marbury,NYK,True,2-pointer,0,8-10,'NYK',trails
502,502,502,200612310LAC,25.1,22.6,1st quarter,7:56.0,Channing Frye,NYK,False,2-pointer,18,8-12,'NYK',trails
503,503,503,200612310LAC,24.0,5.0,1st quarter,7:23.0,Stephon Marbury,NYK,False,2-pointer,0,8-14,'NYK',trails
504,504,504,200612310LAC,24.0,5.0,1st quarter,6:38.0,Jared Jeffries,NYK,True,2-pointer,0,12-15,'NYK',trails
505,505,505,200612310LAC,24.0,5.0,1st quarter,6:05.0,Eddy Curry,NYK,True,2-pointer,0,14-18,'NYK',trails
506,506,506,200612310LAC,20.2,11.1,1st quarter,5:38.0,Jared Jeffries,NYK,False,2-pointer,7,15-21,'NYK',trails
507,507,507,200612310LAC,11.4,17.3,1st quarter,5:11.0,Channing Frye,NYK,False,2-pointer,18,15-21,'NYK',trails
508,508,508,200612310LAC,24.0,5.0,1st quarter,4:49.0,Stephon Marbury,NYK,False,2-pointer,0,15-21,'NYK',trails
509,509,509,200612310LAC,24.0,5.0,1st quarter,4:24.0,Eddy Curry,NYK,False,2-pointer,0,15-23,'NYK',trails
510,510,510,200612310LAC,22.4,10.4,1st quarter,4:07.0,Eddy Curry,NYK,False,2-pointer,6,15-23,'NYK',trails
511,511,511,200612310LAC,30.1,22.8,1st quarter,3:40.0,Jamal Crawford,NYK,True,2-pointer,19,17-23,'NYK',trails
512,512,512,200612310LAC,11.2,26.9,1st quarter,2:46.0,Jamal Crawford,NYK,False,3-pointer,25,19-23,'NYK',trails
513,513,513,200612310LAC,24.5,15.0,1st quarter,2:34.0,Jerome James,NYK,False,2-pointer,10,19-23,'NYK',trails
514,514,514,200612310LAC,24.0,5.0,1st quarter,2:19.0,Jamal Crawford,NYK,False,2-pointer,0,19-23,'NYK',trails
515,515,515,200612310LAC,34.2,18.5,1st quarter,1:42.0,Jamal Crawford,NYK,False,2-pointer,17,20-26,'NYK',trails
516,516,516,200612310LAC,24.0,5.0,1st quarter,1:08.0,Mardy Collins,NYK,True,2-pointer,0,22-28,'NYK',trails
517,517,517,200612310LAC,24.0,5.0,1st quarter,0:03.9,Renaldo Balkman,NYK,False,2-pointer,0,22-28,'NYK',trails
518,518,518,200612310LAC,24.0,5.0,1st quarter,0:00.9,Stephon Marbury,NYK,False,2-pointer,0,22-28,'NYK',trails
519,519,519,200612310LAC,12.7,18.7,2nd quarter,11:39.0,Stephon Marbury,NYK,False,2-pointer,18,22-28,'NYK',trails
520,520,520,200612310LAC,11.4,17.2,2nd quarter,11:05.0,Renaldo Balkman,NYK,False,2-pointer,18,22-28,'NYK',trails
521,521,521,200612310LAC,21.4,12.2,2nd quarter,10:24.0,Mardy Collins,NYK,False,2-pointer,8,22-30,'NYK',trails
522,522,522,200612310LAC,24.0,5.0,2nd quarter,10:21.0,Renaldo Balkman,NYK,False,2-pointer,0,22-30,'NYK',trails
523,523,523,200612310LAC,24.0,5.0,2nd quarter,10:20.0,David Lee,NYK,True,2-pointer,0,24-30,'NYK',trails
524,524,524,200612310LAC,1.3,6.8,2nd quarter,9:36.0,Renaldo Balkman,NYK,False,3-pointer,23,24-32,'NYK',trails
525,525,525,200612310LAC,11.5,12.7,2nd quarter,8:56.0,Channing Frye,NYK,True,2-pointer,15,26-34,'NYK',trails
526,526,526,200612310LAC,24.0,5.0,2nd quarter,8:28.0,Eddy Curry,NYK,True,2-pointer,0,28-36,'NYK',trails
527,527,527,200612310LAC,24.0,5.0,2nd quarter,7:59.0,Renaldo Balkman,NYK,False,2-pointer,0,28-36,'NYK',trails
528,528,528,200612310LAC,24.0,5.0,2nd quarter,7:27.0,Eddy Curry,NYK,True,2-pointer,0,30-39,'NYK',trails
529,529,529,200612310LAC,24.0,5.0,2nd quarter,6:11.0,Eddy Curry,NYK,False,2-pointer,0,30-41,'NYK',trails
530,530,530,200612310LAC,18.8,8.5,2nd quarter,5:44.0,Jared Jeffries,NYK,False,2-pointer,6,30-43,'NYK',trails
531,531,531,200612310LAC,24.0,5.0,2nd quarter,3:54.0,Eddy Curry,NYK,False,2-pointer,0,34-45,'NYK',trails
532,532,532,200612310LAC,24.0,5.0,2nd quarter,3:48.0,Malik Rose,NYK,False,2-pointer,0,34-45,'NYK',trails
533,533,533,200612310LAC,24.0,5.0,2nd quarter,3:25.0,Malik Rose,NYK,False,2-pointer,0,34-45,'NYK',trails
534,534,534,200612310LAC,43.9,7.2,2nd quarter,3:18.0,Malik Rose,NYK,False,2-pointer,20,34-45,'NYK',trails
535,535,535,200612310LAC,24.0,9.8,2nd quarter,2:42.0,Malik Rose,NYK,True,2-pointer,5,36-45,'NYK',trails
536,536,536,200612310LAC,-0.1,6.8,2nd quarter,2:17.0,Jamal Crawford,NYK,False,3-pointer,24,36-45,'NYK',trails
537,537,537,200612310LAC,24.0,5.0,2nd quarter,1:14.0,Malik Rose,NYK,False,2-pointer,0,37-49,'NYK',trails
538,538,538,200612310LAC,11.7,14.1,2nd quarter,0:00.3,Malik Rose,NYK,False,2-pointer,15,38-51,'NYK',trails
539,539,539,200612310LAC,38.3,5.2,3rd quarter,11:40.0,Channing Frye,NYK,True,2-pointer,14,40-51,'NYK',trails
540,540,540,200612310LAC,24.0,5.0,3rd quarter,11:11.0,Eddy Curry,NYK,False,2-pointer,0,40-51,'NYK',trails
541,541,541,200612310LAC,28.7,7.2,3rd quarter,11:01.0,Channing Frye,NYK,False,2-pointer,5,40-51,'NYK',trails
542,542,542,200612310LAC,24.0,5.0,3rd quarter,11:00.0,Jared Jeffries,NYK,False,2-pointer,0,40-51,'NYK',trails
543,543,543,200612310LAC,27.4,9.1,3rd quarter,10:22.0,Eddy Curry,NYK,False,2-pointer,5,40-51,'NYK',trails
544,544,544,200612310LAC,26.3,31.6,3rd quarter,10:17.0,Jamal Crawford,NYK,False,3-pointer,27,40-51,'NYK',trails
545,545,545,200612310LAC,41.9,23.6,3rd quarter,9:30.0,Stephon Marbury,NYK,False,3-pointer,26,40-54,'NYK',trails
546,546,546,200612310LAC,23.2,11.1,3rd quarter,8:26.0,Eddy Curry,NYK,False,2-pointer,6,41-57,'NYK',trails
547,547,547,200612310LAC,24.0,5.0,3rd quarter,8:04.0,Jamal Crawford,NYK,True,2-pointer,0,43-57,'NYK',trails
548,548,548,200612310LAC,24.0,5.0,3rd quarter,7:33.0,Eddy Curry,NYK,False,2-pointer,0,43-60,'NYK',trails
549,549,549,200612310LAC,24.0,5.0,3rd quarter,7:29.0,David Lee,NYK,False,2-pointer,0,43-60,'NYK',trails
550,550,550,200612310LAC,24.0,5.0,3rd quarter,6:47.0,Eddy Curry,NYK,True,2-pointer,0,47-62,'NYK',trails
551,551,551,200612310LAC,9.1,19.1,3rd quarter,6:15.0,Malik Rose,NYK,True,2-pointer,21,49-64,'NYK',trails
552,552,552,200612310LAC,34.7,18.8,3rd quarter,5:22.0,Stephon Marbury,NYK,True,2-pointer,17,51-66,'NYK',trails
553,553,553,200612310LAC,39.8,4.2,3rd quarter,4:35.0,David Lee,NYK,True,2-pointer,16,53-68,'NYK',trails
554,554,554,200612310LAC,7.6,24.7,3rd quarter,3:57.0,Mardy Collins,NYK,False,3-pointer,26,53-70,'NYK',trails
555,555,555,200612310LAC,46.2,7.3,3rd quarter,3:37.0,Mardy Collins,NYK,False,3-pointer,22,53-70,'NYK',trails
556,556,556,200612310LAC,19.7,9.0,3rd quarter,2:40.0,Channing Frye,NYK,False,2-pointer,6,53-70,'NYK',trails
557,557,557,200612310LAC,24.0,5.0,3rd quarter,2:05.0,David Lee,NYK,False,2-pointer,0,53-70,'NYK',trails
558,558,558,200612310LAC,35.2,21.0,3rd quarter,1:35.0,Jamal Crawford,NYK,False,2-pointer,20,53-70,'NYK',trails
559,559,559,200612310LAC,22.9,11.4,3rd quarter,0:40.6,Channing Frye,NYK,True,2-pointer,6,55-72,'NYK',trails
560,560,560,200612310LAC,5.3,6.5,4th quarter,11:40.0,Channing Frye,NYK,False,2-pointer,19,55-74,'NYK',trails
561,561,561,200612310LAC,43.2,21.6,4th quarter,10:58.0,Mardy Collins,NYK,True,3-pointer,25,58-76,'NYK',trails
562,562,562,200612310LAC,38.3,8.8,4th quarter,10:17.0,Channing Frye,NYK,False,2-pointer,15,58-76,'NYK',trails
563,563,563,200612310LAC,36.5,28.2,4th quarter,9:46.0,Stephon Marbury,NYK,False,3-pointer,26,58-76,'NYK',trails
564,564,564,200612310LAC,13.3,20.5,4th quarter,9:11.0,David Lee,NYK,False,2-pointer,19,58-78,'NYK',trails
565,565,565,200612310LAC,40.7,24.6,4th quarter,7:50.0,Mardy Collins,NYK,True,3-pointer,26,61-82,'NYK',trails
566,566,566,200612310LAC,24.0,5.0,4th quarter,7:30.0,Channing Frye,NYK,True,2-pointer,0,63-82,'NYK',trails
567,567,567,200612310LAC,20.4,21.4,4th quarter,6:57.0,Stephon Marbury,NYK,False,2-pointer,17,63-82,'NYK',trails
568,568,568,200612310LAC,24.0,5.0,4th quarter,6:34.0,Mardy Collins,NYK,False,2-pointer,0,63-82,'NYK',trails
569,569,569,200612310LAC,40.1,6.5,4th quarter,6:21.0,Channing Frye,NYK,True,2-pointer,16,65-82,'NYK',trails
570,570,570,200612310LAC,26.3,14.1,4th quarter,5:21.0,Jerome James,NYK,True,2-pointer,9,67-84,'NYK',trails
571,571,571,200612310LAC,24.6,10.1,4th quarter,4:23.0,Jerome James,NYK,True,2-pointer,5,71-84,'NYK',trails
572,572,572,200612310LAC,6.9,23.6,4th quarter,3:37.0,Mardy Collins,NYK,True,3-pointer,25,74-84,'NYK',trails
573,573,573,200612310LAC,42.2,25.1,4th quarter,2:57.0,Stephon Marbury,NYK,False,3-pointer,27,74-86,'NYK',trails
574,574,574,200612310LAC,41.9,22.8,4th quarter,2:51.0,Stephon Marbury,NYK,False,3-pointer,25,74-86,'NYK',trails
575,575,575,200612310LAC,40.3,5.8,4th quarter,1:51.0,Channing Frye,NYK,False,2-pointer,16,74-88,'NYK',trails
576,576,576,200612310LAC,24.0,5.0,4th quarter,0:48.7,Jerome James,NYK,True,2-pointer,0,78-90,'NYK',trails
577,577,577,200612310LAC,7.9,25.7,4th quarter,0:15.9,Mardy Collins,NYK,False,3-pointer,26,78-90,'NYK',trails
578,578,578,200612310LAC,35.3,18.2,4th quarter,0:08.5,Jerome James,NYK,True,2-pointer,17,80-90,'NYK',trails
579,579,579,200612310LAC,24.0,5.0,1st quarter,11:36.0,Elton Brand,LAC,True,2-pointer,0,2-0,'NYK',leads
580,580,580,200612310LAC,13.3,4.5,1st quarter,10:26.0,Elton Brand,LAC,True,2-pointer,11,4-0,'NYK',leads
581,581,581,200612310LAC,12.8,11.9,1st quarter,9:31.0,Shaun Livingston,LAC,True,2-pointer,13,8-4,'NYK',leads
582,582,582,200612310LAC,24.0,5.0,1st quarter,9:06.0,Elton Brand,LAC,True,2-pointer,0,10-6,'NYK',leads
583,583,583,200612310LAC,34.3,11.1,1st quarter,8:44.0,Chris Kaman,LAC,False,2-pointer,12,10-6,'NYK',leads
584,584,584,200612310LAC,24.0,5.0,1st quarter,8:40.0,Elton Brand,LAC,False,2-pointer,0,10-6,'NYK',leads
585,585,585,200612310LAC,24.0,5.0,1st quarter,8:37.0,Chris Kaman,LAC,False,2-pointer,0,10-6,'NYK',leads
586,586,586,200612310LAC,24.0,5.0,1st quarter,8:06.0,Elton Brand,LAC,True,2-pointer,0,12-8,'NYK',leads
587,587,587,200612310LAC,31.1,11.4,1st quarter,7:46.0,Elton Brand,LAC,True,2-pointer,10,14-8,'NYK',leads
588,588,588,200612310LAC,45.5,18.2,1st quarter,6:22.0,Cuttino Mobley,LAC,True,3-pointer,25,18-12,'NYK',leads
589,589,589,200612310LAC,24.0,5.0,1st quarter,6:00.0,Elton Brand,LAC,True,2-pointer,0,20-15,'NYK',leads
590,590,590,200612310LAC,24.0,5.0,1st quarter,5:26.0,Elton Brand,LAC,False,2-pointer,0,21-15,'NYK',leads
591,591,591,200612310LAC,8.1,25.7,1st quarter,4:57.0,Tim Thomas,LAC,False,3-pointer,26,21-15,'NYK',leads
592,592,592,200612310LAC,24.0,5.0,1st quarter,4:43.0,Elton Brand,LAC,True,2-pointer,0,23-15,'NYK',leads
593,593,593,200612310LAC,6.3,6.5,1st quarter,3:50.0,Shaun Livingston,LAC,False,2-pointer,18,23-15,'NYK',leads
594,594,594,200612310LAC,23.5,11.8,1st quarter,3:27.0,Corey Maggette,LAC,False,2-pointer,7,23-17,'NYK',leads
595,595,595,200612310LAC,23.4,21.3,1st quarter,2:56.0,Elton Brand,LAC,False,2-pointer,16,23-19,'NYK',leads
596,596,596,200612310LAC,4.0,21.0,1st quarter,2:00.0,Cuttino Mobley,LAC,True,3-pointer,26,26-20,'NYK',leads
597,597,597,200612310LAC,43.9,20.8,1st quarter,0:50.9,Cuttino Mobley,LAC,False,3-pointer,25,28-22,'NYK',leads
598,598,598,200612310LAC,24.0,5.0,1st quarter,0:27.9,Corey Maggette,LAC,False,2-pointer,0,28-22,'NYK',leads
599,599,599,200612310LAC,41.1,24.1,2nd quarter,10:53.0,Tim Thomas,LAC,False,3-pointer,26,28-22,'NYK',leads
600,600,600,200612310LAC,16.8,7.2,2nd quarter,10:50.0,Chris Kaman,LAC,True,2-pointer,8,30-22,'NYK',leads
601,601,601,200612310LAC,24.0,5.0,2nd quarter,9:55.0,Chris Kaman,LAC,True,2-pointer,0,32-24,'NYK',leads
602,602,602,200612310LAC,24.0,5.0,2nd quarter,8:42.0,Corey Maggette,LAC,True,2-pointer,0,36-26,'NYK',leads
603,603,603,200612310LAC,46.7,5.8,2nd quarter,7:46.0,Tim Thomas,LAC,True,3-pointer,23,39-28,'NYK',leads
604,604,604,200612310LAC,41.9,14.5,2nd quarter,6:59.0,Daniel Ewing,LAC,False,2-pointer,20,39-30,'NYK',leads
605,605,605,200612310LAC,42.4,22.9,2nd quarter,6:27.0,Tim Thomas,LAC,False,3-pointer,26,39-30,'NYK',leads
606,606,606,200612310LAC,24.0,5.0,2nd quarter,6:25.0,Chris Kaman,LAC,True,2-pointer,0,41-30,'NYK',leads
607,607,607,200612310LAC,38.4,26.5,2nd quarter,5:35.0,Tim Thomas,LAC,False,3-pointer,26,43-30,'NYK',leads
608,608,608,200612310LAC,24.0,5.0,2nd quarter,5:05.0,Chris Kaman,LAC,False,2-pointer,0,43-32,'NYK',leads
609,609,609,200612310LAC,24.0,5.0,2nd quarter,4:44.0,Corey Maggette,LAC,True,2-pointer,0,45-33,'NYK',leads
610,610,610,200612310LAC,45.0,20.3,2nd quarter,2:25.0,Cuttino Mobley,LAC,False,3-pointer,26,45-36,'NYK',leads
611,611,611,200612310LAC,24.0,5.0,2nd quarter,1:32.0,Corey Maggette,LAC,True,2-pointer,0,49-37,'NYK',leads
612,612,612,200612310LAC,39.3,17.8,2nd quarter,1:03.0,Corey Maggette,LAC,False,2-pointer,20,49-37,'NYK',leads
613,613,613,200612310LAC,23.4,20.5,2nd quarter,0:06.6,Shaun Livingston,LAC,True,2-pointer,16,51-38,'NYK',leads
614,614,614,200612310LAC,27.6,8.5,3rd quarter,11:20.0,Chris Kaman,LAC,False,2-pointer,5,51-40,'NYK',leads
615,615,615,200612310LAC,5.8,7.2,3rd quarter,10:44.0,Shaun Livingston,LAC,False,2-pointer,18,51-40,'NYK',leads
616,616,616,200612310LAC,39.3,25.4,3rd quarter,10:09.0,Cuttino Mobley,LAC,False,3-pointer,26,51-40,'NYK',leads
617,617,617,200612310LAC,33.5,28.0,3rd quarter,9:56.0,Tim Thomas,LAC,True,3-pointer,25,54-40,'NYK',leads
618,618,618,200612310LAC,24.0,5.0,3rd quarter,9:18.0,Cuttino Mobley,LAC,True,2-pointer,0,56-40,'NYK',leads
619,619,619,200612310LAC,30.7,6.0,3rd quarter,7:53.0,Shaun Livingston,LAC,True,2-pointer,7,59-43,'NYK',leads
620,620,620,200612310LAC,18.3,15.4,3rd quarter,7:12.0,Cuttino Mobley,LAC,False,2-pointer,12,60-45,'NYK',leads
621,621,621,200612310LAC,24.0,5.0,3rd quarter,7:09.0,Elton Brand,LAC,True,2-pointer,0,62-45,'NYK',leads
622,622,622,200612310LAC,6.3,5.0,3rd quarter,5:59.0,Elton Brand,LAC,True,2-pointer,18,66-49,'NYK',leads
623,623,623,200612310LAC,9.4,18.0,3rd quarter,5:36.0,Elton Brand,LAC,False,2-pointer,20,66-49,'NYK',leads
624,624,624,200612310LAC,24.0,5.0,3rd quarter,5:00.0,Shaun Livingston,LAC,True,2-pointer,0,68-51,'NYK',leads
625,625,625,200612310LAC,35.8,8.5,3rd quarter,3:25.0,Cuttino Mobley,LAC,False,2-pointer,12,70-53,'NYK',leads
626,626,626,200612310LAC,36.6,19.6,3rd quarter,1:23.0,Tim Thomas,LAC,False,2-pointer,19,70-53,'NYK',leads
627,627,627,200612310LAC,24.0,5.0,3rd quarter,1:04.0,Shaun Livingston,LAC,True,2-pointer,0,72-53,'NYK',leads
628,628,628,200612310LAC,24.0,15.5,3rd quarter,0:25.0,Shaun Livingston,LAC,True,2-pointer,11,74-55,'NYK',leads
629,629,629,200612310LAC,8.6,11.1,3rd quarter,0:00.2,Shaun Livingston,LAC,False,2-pointer,17,74-55,'NYK',leads
630,630,630,200612310LAC,19.1,8.3,4th quarter,11:17.0,Chris Kaman,LAC,True,2-pointer,6,76-55,'NYK',leads
631,631,631,200612310LAC,9.7,13.7,4th quarter,9:30.0,Aaron Williams,LAC,True,2-pointer,17,78-58,'NYK',leads
632,632,632,200612310LAC,25.1,13.2,4th quarter,8:51.0,Chris Kaman,LAC,False,2-pointer,8,78-58,'NYK',leads
633,633,633,200612310LAC,34.5,19.5,4th quarter,8:10.0,Elton Brand,LAC,True,2-pointer,18,82-58,'NYK',leads
634,634,634,200612310LAC,24.0,5.0,4th quarter,7:09.0,Elton Brand,LAC,False,2-pointer,0,82-63,'NYK',leads
635,635,635,200612310LAC,44.9,6.2,4th quarter,6:42.0,Corey Maggette,LAC,False,2-pointer,21,82-63,'NYK',leads
636,636,636,200612310LAC,6.4,5.2,4th quarter,5:54.0,Elton Brand,LAC,True,2-pointer,18,84-65,'NYK',leads
637,637,637,200612310LAC,10.4,14.4,4th quarter,5:05.0,Cuttino Mobley,LAC,False,2-pointer,17,84-67,'NYK',leads
638,638,638,200612310LAC,43.0,4.4,4th quarter,4:00.0,Corey Maggette,LAC,False,2-pointer,19,84-71,'NYK',leads
639,639,639,200612310LAC,34.5,16.4,4th quarter,3:12.0,Shaun Livingston,LAC,True,2-pointer,16,86-74,'NYK',leads
640,640,640,200612310LAC,24.0,5.0,4th quarter,2:45.0,Elton Brand,LAC,True,2-pointer,0,88-74,'NYK',leads
641,641,641,200612310LAC,34.3,19.1,4th quarter,1:32.0,Elton Brand,LAC,True,2-pointer,17,90-74,'NYK',leads
642,642,642,200612310LAC,10.4,15.2,4th quarter,0:53.9,Aaron Williams,LAC,False,2-pointer,17,90-76,'NYK',leads
643,643,643,200612310LAC,38.0,16.2,4th quarter,0:23.9,Shaun Livingston,LAC,False,2-pointer,18,90-78,'NYK',leads
644,644,644,200612310LAL,24.0,5.0,1st quarter,11:46.0,Rodney Carney,PHI,False,2-pointer,0,0-0,'LAL',tied
645,645,645,200612310LAL,24.0,5.0,1st quarter,11:42.0,Alan Henderson,PHI,True,2-pointer,0,2-0,'LAL',leads
646,646,646,200612310LAL,38.4,5.8,1st quarter,11:08.0,Samuel Dalembert,PHI,False,2-pointer,14,2-2,'LAL',tied
647,647,647,200612310LAL,32.4,5.0,1st quarter,10:45.0,Rodney Carney,PHI,False,2-pointer,8,2-2,'LAL',tied
648,648,648,200612310LAL,24.0,5.0,1st quarter,10:15.0,Rodney Carney,PHI,True,2-pointer,0,4-2,'LAL',leads
649,649,649,200612310LAL,18.4,7.5,1st quarter,9:06.0,Samuel Dalembert,PHI,False,2-pointer,6,4-6,'LAL',trails
650,650,650,200612310LAL,24.0,5.0,1st quarter,8:33.0,Alan Henderson,PHI,False,2-pointer,0,4-8,'LAL',trails
651,651,651,200612310LAL,24.0,5.0,1st quarter,8:30.0,Alan Henderson,PHI,False,2-pointer,0,4-8,'LAL',trails
652,652,652,200612310LAL,39.4,9.6,1st quarter,8:07.0,Samuel Dalembert,PHI,True,2-pointer,16,6-8,'LAL',trails
653,653,653,200612310LAL,10.7,16.8,1st quarter,7:39.0,Andre Miller,PHI,False,2-pointer,18,6-8,'LAL',trails
654,654,654,200612310LAL,26.8,26.4,1st quarter,7:11.0,Andre Iguodala,PHI,True,2-pointer,22,8-9,'LAL',trails
655,655,655,200612310LAL,24.0,5.0,1st quarter,6:15.0,Samuel Dalembert,PHI,True,2-pointer,0,12-11,'LAL',leads
656,656,656,200612310LAL,11.4,18.5,1st quarter,5:47.0,Kyle Korver,PHI,False,2-pointer,18,12-14,'LAL',trails
657,657,657,200612310LAL,24.0,5.0,1st quarter,5:15.0,Andre Miller,PHI,True,2-pointer,0,14-16,'LAL',trails
658,658,658,200612310LAL,30.9,29.3,1st quarter,4:44.0,Kyle Korver,PHI,False,3-pointer,25,14-18,'LAL',trails
659,659,659,200612310LAL,24.0,5.0,1st quarter,4:18.0,Kevin Ollie,PHI,True,2-pointer,0,16-20,'LAL',trails
660,660,660,200612310LAL,24.0,5.0,1st quarter,3:49.0,Andre Miller,PHI,True,2-pointer,0,18-20,'LAL',trails
661,661,661,200612310LAL,11.7,19.6,1st quarter,3:10.0,Kevin Ollie,PHI,False,2-pointer,19,18-22,'LAL',trails
662,662,662,200612310LAL,46.7,14.1,1st quarter,2:09.0,Andre Iguodala,PHI,False,3-pointer,24,18-22,'LAL',trails
663,663,663,200612310LAL,44.9,20.5,1st quarter,1:36.0,Kyle Korver,PHI,False,3-pointer,26,18-22,'LAL',trails
664,664,664,200612310LAL,9.9,18.7,1st quarter,1:01.0,Kyle Korver,PHI,False,2-pointer,20,18-24,'LAL',trails
665,665,665,200612310LAL,15.0,7.8,1st quarter,0:32.9,Andre Miller,PHI,False,2-pointer,9,18-24,'LAL',trails
666,666,666,200612310LAL,5.6,5.3,2nd quarter,10:29.0,Kyle Korver,PHI,True,2-pointer,18,23-28,'LAL',trails
667,667,667,200612310LAL,10.4,10.1,2nd quarter,9:27.0,Willie Green,PHI,False,2-pointer,15,25-28,'LAL',trails
668,668,668,200612310LAL,10.9,13.7,2nd quarter,9:03.0,Steven Hunter,PHI,False,2-pointer,16,25-28,'LAL',trails
669,669,669,200612310LAL,24.0,5.0,2nd quarter,8:25.0,Willie Green,PHI,False,2-pointer,0,25-31,'LAL',trails
670,670,670,200612310LAL,12.2,19.0,2nd quarter,7:41.0,Willie Green,PHI,False,2-pointer,18,25-33,'LAL',trails
671,671,671,200612310LAL,10.5,9.8,2nd quarter,6:15.0,Rodney Carney,PHI,False,2-pointer,14,25-33,'LAL',trails
672,672,672,200612310LAL,32.0,20.0,2nd quarter,6:11.0,Kyle Korver,PHI,True,2-pointer,17,27-33,'LAL',trails
673,673,673,200612310LAL,24.0,5.0,2nd quarter,5:46.0,Andre Iguodala,PHI,True,2-pointer,0,29-33,'LAL',trails
674,674,674,200612310LAL,29.6,9.6,2nd quarter,4:46.0,Andre Miller,PHI,False,2-pointer,7,29-33,'LAL',trails
675,675,675,200612310LAL,24.0,5.0,2nd quarter,4:30.0,Kevin Ollie,PHI,False,2-pointer,0,29-33,'LAL',trails
676,676,676,200612310LAL,29.2,28.2,2nd quarter,4:13.0,Kyle Korver,PHI,True,3-pointer,24,32-33,'LAL',trails
677,677,677,200612310LAL,11.8,19.5,2nd quarter,3:24.0,Kevin Ollie,PHI,False,2-pointer,19,32-33,'LAL',trails
678,678,678,200612310LAL,24.0,5.0,2nd quarter,2:54.0,Andre Miller,PHI,True,2-pointer,0,34-33,'LAL',leads
679,679,679,200612310LAL,34.7,12.2,2nd quarter,2:22.0,Andre Miller,PHI,False,2-pointer,13,34-35,'LAL',trails
680,680,680,200612310LAL,24.0,5.0,2nd quarter,2:18.0,Andre Miller,PHI,False,2-pointer,0,34-35,'LAL',trails
681,681,681,200612310LAL,24.0,5.0,2nd quarter,2:16.0,Samuel Dalembert,PHI,False,2-pointer,0,34-35,'LAL',trails
682,682,682,200612310LAL,8.2,4.7,2nd quarter,1:41.0,Samuel Dalembert,PHI,False,2-pointer,16,34-37,'LAL',trails
683,683,683,200612310LAL,9.5,13.6,2nd quarter,0:47.9,Andre Miller,PHI,False,2-pointer,17,36-41,'LAL',trails
684,684,684,200612310LAL,24.0,5.0,2nd quarter,0:26.2,Andre Miller,PHI,True,2-pointer,0,38-44,'LAL',trails
685,685,685,200612310LAL,4.1,20.3,3rd quarter,11:45.0,Rodney Carney,PHI,True,3-pointer,25,41-46,'LAL',trails
686,686,686,200612310LAL,23.2,29.5,3rd quarter,11:05.0,Kyle Korver,PHI,True,3-pointer,25,44-49,'LAL',trails
687,687,687,200612310LAL,23.4,23.3,3rd quarter,10:14.0,Andre Iguodala,PHI,True,2-pointer,18,48-51,'LAL',trails
688,688,688,200612310LAL,17.8,6.2,3rd quarter,9:35.0,Samuel Dalembert,PHI,False,2-pointer,6,48-51,'LAL',trails
689,689,689,200612310LAL,19.6,10.1,3rd quarter,9:18.0,Andre Miller,PHI,False,2-pointer,7,48-54,'LAL',trails
690,690,690,200612310LAL,39.4,14.5,3rd quarter,8:42.0,Kyle Korver,PHI,True,2-pointer,18,50-56,'LAL',trails
691,691,691,200612310LAL,15.3,19.8,3rd quarter,8:12.0,Andre Iguodala,PHI,False,2-pointer,17,50-56,'LAL',trails
692,692,692,200612310LAL,24.0,5.0,3rd quarter,8:10.0,Samuel Dalembert,PHI,True,2-pointer,0,52-56,'LAL',trails
693,693,693,200612310LAL,17.4,19.8,3rd quarter,7:22.0,Andre Miller,PHI,False,2-pointer,16,52-59,'LAL',trails
694,694,694,200612310LAL,5.9,5.3,3rd quarter,6:57.0,Rodney Carney,PHI,True,2-pointer,18,54-61,'LAL',trails
695,695,695,200612310LAL,36.6,22.1,3rd quarter,5:58.0,Kyle Korver,PHI,True,2-pointer,21,58-65,'LAL',trails
696,696,696,200612310LAL,24.0,5.0,3rd quarter,4:33.0,Willie Green,PHI,False,2-pointer,0,60-67,'LAL',trails
697,697,697,200612310LAL,11.0,19.6,3rd quarter,4:17.0,Andre Iguodala,PHI,False,2-pointer,20,60-67,'LAL',trails
698,698,698,200612310LAL,8.2,24.1,3rd quarter,3:39.0,Willie Green,PHI,False,3-pointer,25,60-69,'LAL',trails
699,699,699,200612310LAL,28.4,9.8,3rd quarter,3:07.0,Steven Hunter,PHI,False,2-pointer,7,60-71,'LAL',trails
700,700,700,200612310LAL,42.6,7.2,3rd quarter,3:03.0,Andre Iguodala,PHI,False,2-pointer,19,60-71,'LAL',trails
701,701,701,200612310LAL,8.4,7.0,3rd quarter,2:07.0,Kyle Korver,PHI,False,2-pointer,16,61-76,'LAL',trails
702,702,702,200612310LAL,24.0,5.0,3rd quarter,1:59.0,Willie Green,PHI,True,2-pointer,0,63-76,'LAL',trails
703,703,703,200612310LAL,42.7,21.9,3rd quarter,0:54.9,Kyle Korver,PHI,False,3-pointer,25,63-80,'LAL',trails
704,704,704,200612310LAL,48.1,12.6,3rd quarter,0:51.4,Kyle Korver,PHI,True,3-pointer,25,66-80,'LAL',trails
705,705,705,200612310LAL,24.0,5.0,3rd quarter,0:27.9,Andre Iguodala,PHI,False,2-pointer,0,66-83,'LAL',trails
706,706,706,200612310LAL,8.4,25.9,3rd quarter,0:14.9,Willie Green,PHI,False,3-pointer,26,66-83,'LAL',trails
707,707,707,200612310LAL,30.1,5.2,4th quarter,11:22.0,Steven Hunter,PHI,True,2-pointer,6,70-83,'LAL',trails
708,708,708,200612310LAL,24.3,25.2,4th quarter,10:50.0,Kyle Korver,PHI,False,2-pointer,20,70-85,'LAL',trails
709,709,709,200612310LAL,12.2,29.7,4th quarter,9:55.0,Kyle Korver,PHI,True,3-pointer,27,73-85,'LAL',trails
710,710,710,200612310LAL,1.8,9.1,4th quarter,8:30.0,Rodney Carney,PHI,False,3-pointer,23,75-91,'LAL',trails
711,711,711,200612310LAL,24.0,5.0,4th quarter,8:12.0,Alan Henderson,PHI,False,2-pointer,0,75-91,'LAL',trails
712,712,712,200612310LAL,24.0,5.0,4th quarter,8:08.0,Kyle Korver,PHI,True,2-pointer,0,77-91,'LAL',trails
713,713,713,200612310LAL,5.4,5.5,4th quarter,6:56.0,Bobby Jones,PHI,False,2-pointer,19,79-94,'LAL',trails
714,714,714,200612310LAL,33.7,20.3,4th quarter,5:59.0,Andre Iguodala,PHI,True,2-pointer,18,81-98,'LAL',trails
715,715,715,200612310LAL,8.6,7.6,4th quarter,5:15.0,Samuel Dalembert,PHI,False,2-pointer,16,81-98,'LAL',trails
716,716,716,200612310LAL,41.7,22.6,4th quarter,5:08.0,Kyle Korver,PHI,True,3-pointer,25,84-98,'LAL',trails
717,717,717,200612310LAL,37.8,26.0,4th quarter,4:36.0,Kyle Korver,PHI,False,3-pointer,25,84-101,'LAL',trails
718,718,718,200612310LAL,24.0,5.0,4th quarter,3:56.0,Bobby Jones,PHI,True,2-pointer,0,86-101,'LAL',trails
719,719,719,200612310LAL,24.0,5.0,4th quarter,3:25.0,Andre Miller,PHI,True,2-pointer,0,88-101,'LAL',trails
720,720,720,200612310LAL,23.7,13.9,4th quarter,2:16.0,Andre Iguodala,PHI,False,2-pointer,9,88-101,'LAL',trails
721,721,721,200612310LAL,24.0,5.0,4th quarter,2:00.0,Bobby Jones,PHI,True,2-pointer,0,90-101,'LAL',trails
722,722,722,200612310LAL,24.0,5.0,4th quarter,0:58.6,Willie Green,PHI,True,2-pointer,0,92-104,'LAL',trails
723,723,723,200612310LAL,42.6,5.3,4th quarter,0:29.9,Bobby Jones,PHI,False,2-pointer,19,92-104,'LAL',trails
724,724,724,200612310LAL,34.3,22.6,4th quarter,0:23.9,Willie Green,PHI,False,2-pointer,20,92-104,'LAL',trails
725,725,725,200612310LAL,24.0,5.0,1st quarter,11:31.0,Kobe Bryant,LAL,True,2-pointer,0,2-2,'LAL',tied
726,726,726,200612310LAL,24.0,5.0,1st quarter,11:01.0,Smush Parker,LAL,False,2-pointer,0,2-2,'LAL',tied
727,727,727,200612310LAL,24.0,5.0,1st quarter,9:56.0,Luke Walton,LAL,True,2-pointer,0,4-4,'LAL',tied
728,728,728,200612310LAL,24.0,5.0,1st quarter,9:31.0,Brian Cook,LAL,True,2-pointer,0,6-4,'LAL',leads
729,729,729,200612310LAL,24.0,5.0,1st quarter,8:56.0,Kobe Bryant,LAL,True,2-pointer,0,8-4,'LAL',leads
730,730,730,200612310LAL,41.1,23.1,1st quarter,8:25.0,Kobe Bryant,LAL,False,3-pointer,25,8-4,'LAL',leads
731,731,731,200612310LAL,12.5,20.0,1st quarter,7:55.0,Smush Parker,LAL,False,2-pointer,19,8-6,'LAL',leads
732,732,732,200612310LAL,38.4,18.7,1st quarter,6:55.0,Smush Parker,LAL,True,2-pointer,20,11-8,'LAL',leads
733,733,733,200612310LAL,47.5,4.4,1st quarter,6:28.0,Luke Walton,LAL,False,3-pointer,24,11-10,'LAL',leads
734,734,734,200612310LAL,36.6,18.8,1st quarter,5:31.0,Smush Parker,LAL,True,2-pointer,19,16-12,'LAL',leads
735,735,735,200612310LAL,24.0,5.0,1st quarter,5:00.0,Kwame Brown,LAL,False,2-pointer,0,16-14,'LAL',leads
736,736,736,200612310LAL,24.0,5.0,1st quarter,4:58.0,Kwame Brown,LAL,True,2-pointer,0,18-14,'LAL',leads
737,737,737,200612310LAL,37.6,20.3,1st quarter,4:36.0,Kobe Bryant,LAL,True,2-pointer,20,20-14,'LAL',leads
738,738,738,200612310LAL,37.5,20.5,1st quarter,3:57.0,Maurice Evans,LAL,False,2-pointer,21,20-16,'LAL',leads
739,739,739,200612310LAL,11.2,16.8,1st quarter,3:30.0,Maurice Evans,LAL,False,2-pointer,17,20-18,'LAL',leads
740,740,740,200612310LAL,24.0,5.0,1st quarter,3:28.0,Kwame Brown,LAL,True,2-pointer,0,22-18,'LAL',leads
741,741,741,200612310LAL,37.8,20.5,1st quarter,2:54.0,Kobe Bryant,LAL,False,2-pointer,21,22-18,'LAL',leads
742,742,742,200612310LAL,29.7,10.3,1st quarter,1:55.0,Vladimir Radmanović,LAL,False,2-pointer,8,22-18,'LAL',leads
743,743,743,200612310LAL,25.0,14.9,1st quarter,1:19.0,Maurice Evans,LAL,True,2-pointer,10,24-18,'LAL',leads
744,744,744,200612310LAL,10.2,25.7,1st quarter,0:49.9,Jordan Farmar,LAL,False,3-pointer,25,24-18,'LAL',leads
745,745,745,200612310LAL,24.0,5.0,1st quarter,0:22.7,Jordan Farmar,LAL,True,2-pointer,0,26-18,'LAL',leads
746,746,746,200612310LAL,44.0,19.8,1st quarter,0:00.1,Maurice Evans,LAL,False,3-pointer,25,26-18,'LAL',leads
747,747,747,200612310LAL,24.0,5.0,2nd quarter,11:24.0,Maurice Evans,LAL,True,2-pointer,0,28-19,'LAL',leads
748,748,748,200612310LAL,39.3,15.5,2nd quarter,10:02.0,Vladimir Radmanović,LAL,False,2-pointer,19,28-23,'LAL',leads
749,749,749,200612310LAL,16.1,21.3,2nd quarter,9:37.0,Maurice Evans,LAL,False,2-pointer,18,28-25,'LAL',leads
750,750,750,200612310LAL,48.0,4.4,2nd quarter,8:47.0,Shammond Williams,LAL,True,3-pointer,24,31-25,'LAL',leads
751,751,751,200612310LAL,24.0,5.0,2nd quarter,8:08.0,Maurice Evans,LAL,False,2-pointer,0,31-25,'LAL',leads
752,752,752,200612310LAL,24.0,5.0,2nd quarter,8:06.0,Kwame Brown,LAL,True,2-pointer,0,33-25,'LAL',leads
753,753,753,200612310LAL,43.7,6.2,2nd quarter,7:28.0,Shammond Williams,LAL,False,2-pointer,20,33-25,'LAL',leads
754,754,754,200612310LAL,14.6,7.0,2nd quarter,6:57.0,Kobe Bryant,LAL,False,2-pointer,10,33-25,'LAL',leads
755,755,755,200612310LAL,24.0,5.0,2nd quarter,6:52.0,Kwame Brown,LAL,False,2-pointer,0,33-25,'LAL',leads
756,756,756,200612310LAL,5.8,5.8,2nd quarter,6:34.0,Kobe Bryant,LAL,False,2-pointer,18,33-25,'LAL',leads
757,757,757,200612310LAL,24.0,5.0,2nd quarter,6:29.0,Luke Walton,LAL,False,2-pointer,0,33-25,'LAL',leads
758,758,758,200612310LAL,1.2,5.3,2nd quarter,5:21.0,Sasha Vujačić,LAL,False,3-pointer,23,33-29,'LAL',leads
759,759,759,200612310LAL,29.9,13.1,2nd quarter,4:23.0,Smush Parker,LAL,False,2-pointer,10,33-29,'LAL',leads
760,760,760,200612310LAL,24.0,5.0,2nd quarter,4:19.0,Luke Walton,LAL,False,2-pointer,0,33-29,'LAL',leads
761,761,761,200612310LAL,24.3,11.8,2nd quarter,3:44.0,Andrew Bynum,LAL,False,2-pointer,7,33-32,'LAL',leads
762,762,762,200612310LAL,12.0,26.9,2nd quarter,3:04.0,Smush Parker,LAL,False,3-pointer,25,33-32,'LAL',leads
763,763,763,200612310LAL,8.9,5.8,2nd quarter,2:33.0,Smush Parker,LAL,True,2-pointer,15,35-34,'LAL',leads
764,764,764,200612310LAL,19.2,19.5,2nd quarter,2:09.0,Kobe Bryant,LAL,True,2-pointer,15,37-34,'LAL',leads
765,765,765,200612310LAL,10.5,13.1,2nd quarter,1:31.0,Brian Cook,LAL,True,2-pointer,16,39-34,'LAL',leads
766,766,766,200612310LAL,24.0,5.0,2nd quarter,1:03.0,Kobe Bryant,LAL,True,2-pointer,0,41-36,'LAL',leads
767,767,767,200612310LAL,41.6,23.7,2nd quarter,0:37.9,Kobe Bryant,LAL,True,3-pointer,26,44-36,'LAL',leads
768,768,768,200612310LAL,29.7,9.5,2nd quarter,0:03.0,Kobe Bryant,LAL,True,2-pointer,7,46-38,'LAL',leads
769,769,769,200612310LAL,24.0,5.0,3rd quarter,11:24.0,Kobe Bryant,LAL,True,2-pointer,0,48-41,'LAL',leads
770,770,770,200612310LAL,7.1,22.8,3rd quarter,10:49.0,Kobe Bryant,LAL,False,3-pointer,25,49-44,'LAL',leads
771,771,771,200612310LAL,24.0,5.0,3rd quarter,10:31.0,Luke Walton,LAL,True,2-pointer,0,51-46,'LAL',leads
772,772,772,200612310LAL,46.3,15.9,3rd quarter,9:53.0,Smush Parker,LAL,False,3-pointer,25,51-48,'LAL',leads
773,773,773,200612310LAL,24.0,5.0,3rd quarter,9:27.0,Kobe Bryant,LAL,True,2-pointer,0,53-48,'LAL',leads
774,774,774,200612310LAL,24.0,5.0,3rd quarter,9:01.0,Kobe Bryant,LAL,True,2-pointer,0,56-48,'LAL',leads
775,775,775,200612310LAL,13.7,19.0,3rd quarter,8:22.0,Smush Parker,LAL,False,2-pointer,17,56-50,'LAL',leads
776,776,776,200612310LAL,27.3,29.3,3rd quarter,7:50.0,Smush Parker,LAL,True,3-pointer,25,59-52,'LAL',leads
777,777,777,200612310LAL,24.0,5.0,3rd quarter,6:39.0,Luke Walton,LAL,True,2-pointer,0,63-54,'LAL',leads
778,778,778,200612310LAL,24.0,5.0,3rd quarter,6:15.0,Luke Walton,LAL,True,2-pointer,0,65-56,'LAL',leads
779,779,779,200612310LAL,24.8,9.6,3rd quarter,5:09.0,Andrew Bynum,LAL,False,2-pointer,5,66-60,'LAL',leads
780,780,780,200612310LAL,24.0,5.0,3rd quarter,4:38.0,Maurice Evans,LAL,False,2-pointer,0,67-60,'LAL',leads
781,781,781,200612310LAL,38.3,19.8,3rd quarter,4:03.0,Kobe Bryant,LAL,True,2-pointer,21,69-60,'LAL',leads
782,782,782,200612310LAL,37.1,22.3,3rd quarter,3:31.0,Kobe Bryant,LAL,True,2-pointer,22,71-60,'LAL',leads
783,783,783,200612310LAL,39.9,23.9,3rd quarter,2:57.0,Kobe Bryant,LAL,True,3-pointer,25,74-60,'LAL',leads
784,784,784,200612310LAL,24.0,5.0,3rd quarter,2:28.0,Andrew Bynum,LAL,False,2-pointer,0,74-61,'LAL',leads
785,785,785,200612310LAL,24.0,5.0,3rd quarter,1:42.0,Andrew Bynum,LAL,True,2-pointer,0,78-63,'LAL',leads
786,786,786,200612310LAL,24.0,5.0,3rd quarter,1:27.0,Kobe Bryant,LAL,True,2-pointer,0,80-63,'LAL',leads
787,787,787,200612310LAL,24.0,5.0,3rd quarter,1:02.0,Luke Walton,LAL,False,2-pointer,0,80-63,'LAL',leads
788,788,788,200612310LAL,41.9,24.6,3rd quarter,0:42.0,Kobe Bryant,LAL,True,3-pointer,27,83-66,'LAL',leads
789,789,789,200612310LAL,19.1,6.5,4th quarter,11:44.0,Andrew Bynum,LAL,False,2-pointer,5,83-68,'LAL',leads
790,790,790,200612310LAL,11.5,12.9,4th quarter,10:14.0,Kobe Bryant,LAL,False,2-pointer,15,85-70,'LAL',leads
791,791,791,200612310LAL,24.0,5.0,4th quarter,9:25.0,Sasha Vujačić,LAL,True,2-pointer,0,88-73,'LAL',leads
792,792,792,200612310LAL,47.6,5.7,4th quarter,8:55.0,Jordan Farmar,LAL,True,3-pointer,24,91-75,'LAL',leads
793,793,793,200612310LAL,5.9,5.3,4th quarter,7:52.0,Sasha Vujačić,LAL,False,2-pointer,18,91-77,'LAL',leads
794,794,794,200612310LAL,38.0,26.4,4th quarter,7:23.0,Sasha Vujačić,LAL,True,3-pointer,26,94-79,'LAL',leads
795,795,795,200612310LAL,26.0,29.2,4th quarter,6:21.0,Sasha Vujačić,LAL,True,3-pointer,24,98-79,'LAL',leads
796,796,796,200612310LAL,39.1,26.0,4th quarter,5:37.0,Jordan Farmar,LAL,False,3-pointer,26,98-81,'LAL',leads
797,797,797,200612310LAL,40.4,24.9,4th quarter,4:51.0,Vladimir Radmanović,LAL,True,3-pointer,26,101-84,'LAL',leads
798,798,798,200612310LAL,11.5,27.7,4th quarter,4:11.0,Jordan Farmar,LAL,False,3-pointer,26,101-84,'LAL',leads
799,799,799,200612310LAL,24.0,5.0,4th quarter,3:04.0,Ronny Turiaf,LAL,False,2-pointer,0,101-88,'LAL',leads
800,800,800,200612310LAL,5.9,24.1,4th quarter,2:34.0,Kobe Bryant,LAL,False,3-pointer,26,101-88,'LAL',leads
801,801,801,200612310LAL,1.8,6.5,4th quarter,2:05.0,Maurice Evans,LAL,False,3-pointer,22,101-88,'LAL',leads
802,802,802,200612310LAL,1.2,6.0,4th quarter,1:38.0,Maurice Evans,LAL,True,3-pointer,23,104-90,'LAL',leads
803,803,803,200612310LAL,39.9,6.2,4th quarter,1:09.0,Ronny Turiaf,LAL,False,2-pointer,16,104-90,'LAL',leads
804,804,804,200612310LAL,24.0,5.0,4th quarter,1:05.0,Maurice Evans,LAL,False,2-pointer,0,104-90,'LAL',leads
805,805,805,200612310LAL,8.9,24.7,4th quarter,0:39.9,Sasha Vujačić,LAL,False,3-pointer,25,104-92,'LAL',leads
806,806,806,200612310SAS,8.2,4.5,1st quarter,11:34.0,Shelden Williams,ATL,True,2-pointer,16,2-0,'SAS',leads
807,807,807,200612310SAS,9.1,3.2,1st quarter,11:10.0,Marvin Williams,ATL,False,2-pointer,15,2-0,'SAS',leads
808,808,808,200612310SAS,35.2,26.4,1st quarter,11:00.0,Joe Johnson,ATL,False,3-pointer,24,2-0,'SAS',leads
809,809,809,200612310SAS,9.2,17.0,1st quarter,9:25.0,Marvin Williams,ATL,True,2-pointer,19,6-6,'SAS',tied
810,810,810,200612310SAS,1.2,3.6,1st quarter,8:59.0,Joe Johnson,ATL,False,3-pointer,23,6-6,'SAS',tied
811,811,811,200612310SAS,35.8,20.3,1st quarter,8:05.0,Zaza Pachulia,ATL,False,2-pointer,19,6-8,'SAS',trails
812,812,812,200612310SAS,33.4,28.7,1st quarter,7:29.0,Joe Johnson,ATL,False,3-pointer,26,8-8,'SAS',tied
813,813,813,200612310SAS,24.3,8.0,1st quarter,7:20.0,Joe Johnson,ATL,True,2-pointer,3,10-8,'SAS',leads
814,814,814,200612310SAS,39.4,11.6,1st quarter,6:51.0,Zaza Pachulia,ATL,False,2-pointer,17,10-8,'SAS',leads
815,815,815,200612310SAS,9.7,18.0,1st quarter,5:10.0,Marvin Williams,ATL,False,2-pointer,19,12-12,'SAS',tied
816,816,816,200612310SAS,3.5,4.4,1st quarter,4:49.0,Joe Johnson,ATL,True,2-pointer,21,14-14,'SAS',tied
817,817,817,200612310SAS,25.0,5.8,1st quarter,4:20.0,Josh Childress,ATL,True,2-pointer,1,16-15,'SAS',leads
818,818,818,200612310SAS,0.7,3.6,1st quarter,3:42.0,Josh Childress,ATL,True,3-pointer,23,19-15,'SAS',leads
819,819,819,200612310SAS,11.7,15.7,1st quarter,3:00.0,Royal Ivey,ATL,False,2-pointer,16,19-15,'SAS',leads
820,820,820,200612310SAS,37.5,18.7,1st quarter,2:29.0,Joe Johnson,ATL,False,2-pointer,19,19-17,'SAS',leads
821,821,821,200612310SAS,15.0,19.1,1st quarter,1:53.0,Joe Johnson,ATL,True,2-pointer,17,23-19,'SAS',leads
822,822,822,200612310SAS,24.1,5.8,1st quarter,1:31.0,Josh Childress,ATL,False,2-pointer,1,23-19,'SAS',leads
823,823,823,200612310SAS,39.9,24.6,1st quarter,1:13.0,Salim Stoudamire,ATL,False,3-pointer,25,23-19,'SAS',leads
824,824,824,200612310SAS,21.4,6.3,1st quarter,0:43.9,Marvin Williams,ATL,False,2-pointer,3,23-19,'SAS',leads
825,825,825,200612310SAS,10.0,25.1,2nd quarter,11:22.0,Salim Stoudamire,ATL,False,3-pointer,25,23-22,'SAS',leads
826,826,826,200612310SAS,38.0,19.5,2nd quarter,10:48.0,Salim Stoudamire,ATL,True,2-pointer,20,25-22,'SAS',leads
827,827,827,200612310SAS,25.8,6.7,2nd quarter,10:17.0,Josh Childress,ATL,True,2-pointer,2,27-22,'SAS',leads
828,828,828,200612310SAS,39.1,4.7,2nd quarter,9:38.0,Salim Stoudamire,ATL,True,2-pointer,15,29-24,'SAS',leads
829,829,829,200612310SAS,36.8,17.5,2nd quarter,9:15.0,Shelden Williams,ATL,True,2-pointer,18,31-24,'SAS',leads
830,830,830,200612310SAS,5.8,14.1,2nd quarter,8:38.0,Salim Stoudamire,ATL,False,2-pointer,20,31-24,'SAS',leads
831,831,831,200612310SAS,41.6,5.5,2nd quarter,7:30.0,Salim Stoudamire,ATL,False,2-pointer,18,31-28,'SAS',leads
832,832,832,200612310SAS,25.1,5.0,2nd quarter,7:05.0,Josh Childress,ATL,False,2-pointer,1,31-28,'SAS',leads
833,833,833,200612310SAS,36.3,9.1,2nd quarter,5:58.0,Marvin Williams,ATL,True,2-pointer,13,33-32,'SAS',leads
834,834,834,200612310SAS,24.8,7.2,2nd quarter,5:14.0,Zaza Pachulia,ATL,True,2-pointer,2,35-35,'SAS',tied
835,835,835,200612310SAS,15.8,23.1,2nd quarter,3:18.0,Speedy Claxton,ATL,True,2-pointer,20,37-37,'SAS',tied
836,836,836,200612310SAS,25.6,6.0,2nd quarter,2:57.0,Joe Johnson,ATL,False,2-pointer,2,37-37,'SAS',tied
837,837,837,200612310SAS,9.1,3.9,2nd quarter,2:41.0,Joe Johnson,ATL,False,2-pointer,15,37-39,'SAS',trails
838,838,838,200612310SAS,24.5,5.7,2nd quarter,2:24.0,Joe Johnson,ATL,False,2-pointer,1,37-39,'SAS',trails
839,839,839,200612310SAS,23.7,6.2,2nd quarter,1:14.0,Joe Johnson,ATL,True,2-pointer,1,39-42,'SAS',trails
840,840,840,200612310SAS,11.2,20.8,2nd quarter,0:35.9,Josh Childress,ATL,False,2-pointer,20,39-42,'SAS',trails
841,841,841,200612310SAS,23.4,6.3,2nd quarter,0:32.9,Esteban Batista,ATL,False,2-pointer,1,39-42,'SAS',trails
842,842,842,200612310SAS,12.3,15.7,2nd quarter,0:06.9,Speedy Claxton,ATL,False,2-pointer,16,39-42,'SAS',trails
843,843,843,200612310SAS,40.6,25.2,2nd quarter,0:01.9,Joe Johnson,ATL,False,3-pointer,26,39-42,'SAS',trails
844,844,844,200612310SAS,25.3,8.1,3rd quarter,11:35.0,Zaza Pachulia,ATL,False,2-pointer,3,39-42,'SAS',trails
845,845,845,200612310SAS,24.6,6.0,3rd quarter,10:46.0,Zaza Pachulia,ATL,False,2-pointer,1,39-42,'SAS',trails
846,846,846,200612310SAS,23.4,9.8,3rd quarter,10:19.0,Shelden Williams,ATL,False,2-pointer,5,39-44,'SAS',trails
847,847,847,200612310SAS,21.2,32.3,3rd quarter,9:15.0,Shelden Williams,ATL,True,3-pointer,27,42-48,'SAS',trails
848,848,848,200612310SAS,16.1,8.8,3rd quarter,8:38.0,Zaza Pachulia,ATL,False,2-pointer,9,42-48,'SAS',trails
849,849,849,200612310SAS,39.9,16.0,3rd quarter,7:15.0,Shelden Williams,ATL,False,2-pointer,19,42-51,'SAS',trails
850,850,850,200612310SAS,47.8,10.3,3rd quarter,6:40.0,Marvin Williams,ATL,False,3-pointer,24,42-53,'SAS',trails
851,851,851,200612310SAS,24.6,7.2,3rd quarter,6:35.0,Josh Childress,ATL,True,2-pointer,2,44-53,'SAS',trails
852,852,852,200612310SAS,27.3,20.1,3rd quarter,6:01.0,Marvin Williams,ATL,False,2-pointer,15,44-55,'SAS',trails
853,853,853,200612310SAS,24.8,7.5,3rd quarter,5:28.0,Josh Childress,ATL,True,2-pointer,3,46-55,'SAS',trails
854,854,854,200612310SAS,17.9,28.7,3rd quarter,5:00.0,Joe Johnson,ATL,True,3-pointer,24,49-55,'SAS',trails
855,855,855,200612310SAS,26.0,10.8,3rd quarter,4:26.0,Joe Johnson,ATL,True,2-pointer,6,51-57,'SAS',trails
856,856,856,200612310SAS,25.0,7.3,3rd quarter,3:49.0,Shelden Williams,ATL,True,2-pointer,3,53-57,'SAS',trails
857,857,857,200612310SAS,11.5,15.2,3rd quarter,3:17.0,Joe Johnson,ATL,False,2-pointer,16,53-60,'SAS',trails
858,858,858,200612310SAS,44.0,10.8,3rd quarter,1:30.0,Salim Stoudamire,ATL,True,2-pointer,21,61-65,'SAS',trails
859,859,859,200612310SAS,38.1,14.4,3rd quarter,0:12.6,Salim Stoudamire,ATL,False,2-pointer,17,61-67,'SAS',trails
860,860,860,200612310SAS,14.6,25.2,4th quarter,11:01.0,Salim Stoudamire,ATL,False,2-pointer,22,61-71,'SAS',trails
861,861,861,200612310SAS,38.9,11.1,4th quarter,10:35.0,Joe Johnson,ATL,False,2-pointer,16,61-73,'SAS',trails
862,862,862,200612310SAS,34.5,17.7,4th quarter,9:43.0,Speedy Claxton,ATL,False,2-pointer,16,61-75,'SAS',trails
863,863,863,200612310SAS,41.9,10.3,4th quarter,8:43.0,Joe Johnson,ATL,False,2-pointer,19,63-77,'SAS',trails
864,864,864,200612310SAS,25.0,8.5,4th quarter,8:36.0,Joe Johnson,ATL,False,2-pointer,4,63-77,'SAS',trails
865,865,865,200612310SAS,24.5,7.2,4th quarter,8:33.0,Marvin Williams,ATL,False,2-pointer,2,63-77,'SAS',trails
866,866,866,200612310SAS,19.4,13.6,4th quarter,8:04.0,Josh Childress,ATL,True,2-pointer,10,65-77,'SAS',trails
867,867,867,200612310SAS,25.6,10.1,4th quarter,7:24.0,Shelden Williams,ATL,False,2-pointer,5,65-77,'SAS',trails
868,868,868,200612310SAS,5.9,23.6,4th quarter,7:06.0,Marvin Williams,ATL,False,3-pointer,26,65-77,'SAS',trails
869,869,869,200612310SAS,22.2,5.8,4th quarter,6:38.0,Speedy Claxton,ATL,True,2-pointer,2,67-77,'SAS',trails
870,870,870,200612310SAS,25.8,7.0,4th quarter,5:38.0,Marvin Williams,ATL,False,2-pointer,3,67-80,'SAS',trails
871,871,871,200612310SAS,26.0,9.1,4th quarter,4:19.0,Shelden Williams,ATL,False,2-pointer,5,67-80,'SAS',trails
872,872,872,200612310SAS,46.3,4.1,4th quarter,3:33.0,Joe Johnson,ATL,True,3-pointer,22,70-82,'SAS',trails
873,873,873,200612310SAS,23.4,5.7,4th quarter,3:02.0,Zaza Pachulia,ATL,False,2-pointer,1,70-82,'SAS',trails
874,874,874,200612310SAS,39.3,10.1,4th quarter,2:46.0,Solomon Jones,ATL,False,2-pointer,16,70-84,'SAS',trails
875,875,875,200612310SAS,23.7,6.0,4th quarter,2:38.0,Josh Childress,ATL,True,2-pointer,1,72-84,'SAS',trails
876,876,876,200612310SAS,12.5,26.5,4th quarter,2:19.0,Joe Johnson,ATL,True,3-pointer,24,75-85,'SAS',trails
877,877,877,200612310SAS,36.6,7.5,4th quarter,1:47.0,Joe Johnson,ATL,False,2-pointer,13,75-87,'SAS',trails
878,878,878,200612310SAS,24.0,6.2,4th quarter,1:34.0,Marvin Williams,ATL,True,2-pointer,1,77-89,'SAS',trails
879,879,879,200612310SAS,48.0,10.8,4th quarter,0:24.9,Marvin Williams,ATL,True,3-pointer,25,81-93,'SAS',trails
880,880,880,200612310SAS,37.0,3.1,1st quarter,10:52.0,Manu Ginóbili,SAS,True,2-pointer,13,2-2,'SAS',tied
881,881,881,200612310SAS,38.0,18.5,1st quarter,10:12.0,Bruce Bowen,SAS,False,2-pointer,19,2-2,'SAS',tied
882,882,882,200612310SAS,25.1,5.0,1st quarter,10:08.0,Tim Duncan,SAS,False,2-pointer,1,2-2,'SAS',tied
883,883,883,200612310SAS,25.0,5.2,1st quarter,10:06.0,Tim Duncan,SAS,True,2-pointer,1,4-2,'SAS',leads
884,884,884,200612310SAS,22.9,19.6,1st quarter,8:44.0,Tony Parker,SAS,True,2-pointer,15,8-6,'SAS',leads
885,885,885,200612310SAS,22.2,7.3,1st quarter,8:17.0,Tim Duncan,SAS,False,2-pointer,3,8-6,'SAS',leads
886,886,886,200612310SAS,38.0,19.3,1st quarter,7:05.0,Tony Parker,SAS,False,2-pointer,20,8-10,'SAS',trails
887,887,887,200612310SAS,0.7,2.7,1st quarter,5:36.0,Matt Bonner,SAS,False,3-pointer,23,10-12,'SAS',trails
888,888,888,200612310SAS,23.8,6.5,1st quarter,5:28.0,Tony Parker,SAS,True,2-pointer,2,12-12,'SAS',tied
889,889,889,200612310SAS,23.8,5.7,1st quarter,5:03.0,Matt Bonner,SAS,True,2-pointer,1,14-12,'SAS',leads
890,890,890,200612310SAS,39.8,11.1,1st quarter,3:59.0,Michael Finley,SAS,False,2-pointer,17,15-16,'SAS',trails
891,891,891,200612310SAS,24.5,5.7,1st quarter,3:55.0,Matt Bonner,SAS,False,2-pointer,1,15-16,'SAS',trails
892,892,892,200612310SAS,24.3,7.0,1st quarter,3:53.0,Matt Bonner,SAS,False,2-pointer,2,15-16,'SAS',trails
893,893,893,200612310SAS,24.0,6.3,1st quarter,2:47.0,Tony Parker,SAS,True,2-pointer,1,17-19,'SAS',trails
894,894,894,200612310SAS,31.5,7.3,1st quarter,2:12.0,Matt Bonner,SAS,True,2-pointer,8,19-21,'SAS',trails
895,895,895,200612310SAS,23.7,6.2,1st quarter,1:38.0,Tim Duncan,SAS,False,2-pointer,1,19-23,'SAS',trails
896,896,896,200612310SAS,24.0,6.3,1st quarter,0:58.9,Jacque Vaughn,SAS,False,2-pointer,1,19-23,'SAS',trails
897,897,897,200612310SAS,23.4,5.5,1st quarter,0:01.9,Jacque Vaughn,SAS,False,2-pointer,1,20-23,'SAS',trails
898,898,898,200612310SAS,38.9,4.1,2nd quarter,11:45.0,Manu Ginóbili,SAS,True,2-pointer,15,22-23,'SAS',trails
899,899,899,200612310SAS,38.0,21.9,2nd quarter,11:14.0,Manu Ginóbili,SAS,False,2-pointer,22,22-23,'SAS',trails
900,900,900,200612310SAS,25.5,10.1,2nd quarter,11:12.0,Matt Bonner,SAS,False,2-pointer,5,22-23,'SAS',trails
901,901,901,200612310SAS,26.6,10.3,2nd quarter,11:09.0,Matt Bonner,SAS,False,2-pointer,6,22-23,'SAS',trails
902,902,902,200612310SAS,32.9,7.8,2nd quarter,10:32.0,Matt Bonner,SAS,False,2-pointer,9,22-25,'SAS',trails
903,903,903,200612310SAS,24.1,6.5,2nd quarter,9:59.0,Manu Ginóbili,SAS,True,2-pointer,2,24-27,'SAS',trails
904,904,904,200612310SAS,12.7,6.2,2nd quarter,9:22.0,Jacque Vaughn,SAS,False,2-pointer,11,24-29,'SAS',trails
905,905,905,200612310SAS,38.4,16.4,2nd quarter,8:53.0,Jacque Vaughn,SAS,False,2-pointer,18,24-31,'SAS',trails
906,906,906,200612310SAS,10.5,12.1,2nd quarter,7:47.0,Tim Duncan,SAS,True,2-pointer,15,28-31,'SAS',trails
907,907,907,200612310SAS,21.5,7.6,2nd quarter,7:12.0,Tim Duncan,SAS,False,2-pointer,4,28-31,'SAS',trails
908,908,908,200612310SAS,38.8,17.0,2nd quarter,6:51.0,Tony Parker,SAS,False,2-pointer,19,28-31,'SAS',trails
909,909,909,200612310SAS,25.5,6.0,2nd quarter,6:43.0,Tim Duncan,SAS,True,2-pointer,2,30-31,'SAS',trails
910,910,910,200612310SAS,16.5,23.1,2nd quarter,6:16.0,Tony Parker,SAS,True,2-pointer,20,32-31,'SAS',leads
911,911,911,200612310SAS,40.3,24.6,2nd quarter,5:37.0,Brent Barry,SAS,True,3-pointer,25,35-33,'SAS',leads
912,912,912,200612310SAS,35.8,11.9,2nd quarter,4:53.0,Bruce Bowen,SAS,False,2-pointer,14,35-35,'SAS',tied
913,913,913,200612310SAS,12.8,23.1,2nd quarter,4:17.0,Tony Parker,SAS,False,2-pointer,21,35-35,'SAS',tied
914,914,914,200612310SAS,24.1,7.2,2nd quarter,3:47.0,Brent Barry,SAS,True,2-pointer,2,37-35,'SAS',leads
915,915,915,200612310SAS,15.6,7.5,2nd quarter,2:52.0,Manu Ginóbili,SAS,True,2-pointer,9,39-37,'SAS',leads
916,916,916,200612310SAS,23.5,30.5,2nd quarter,2:32.0,Robert Horry,SAS,False,3-pointer,26,39-37,'SAS',leads
917,917,917,200612310SAS,24.5,5.7,2nd quarter,2:17.0,Manu Ginóbili,SAS,True,2-pointer,1,41-37,'SAS',leads
918,918,918,200612310SAS,25.1,5.8,2nd quarter,1:00.0,Tony Parker,SAS,False,2-pointer,1,42-39,'SAS',leads
919,919,919,200612310SAS,23.2,5.3,2nd quarter,0:28.9,Brent Barry,SAS,False,2-pointer,1,42-39,'SAS',leads
920,920,920,200612310SAS,23.8,9.0,3rd quarter,11:11.0,Tim Duncan,SAS,False,2-pointer,4,42-39,'SAS',leads
921,921,921,200612310SAS,23.0,5.5,3rd quarter,10:39.0,Tony Parker,SAS,True,2-pointer,1,44-39,'SAS',leads
922,922,922,200612310SAS,23.4,6.0,3rd quarter,10:08.0,Tim Duncan,SAS,True,2-pointer,1,46-39,'SAS',leads
923,923,923,200612310SAS,23.0,8.8,3rd quarter,9:45.0,Tim Duncan,SAS,True,2-pointer,4,48-39,'SAS',leads
924,924,924,200612310SAS,23.5,7.2,3rd quarter,8:00.0,Tim Duncan,SAS,True,2-pointer,2,51-42,'SAS',leads
925,925,925,200612310SAS,9.4,20.0,3rd quarter,7:39.0,Tony Parker,SAS,False,2-pointer,21,51-42,'SAS',leads
926,926,926,200612310SAS,23.4,6.0,3rd quarter,6:53.0,Manu Ginóbili,SAS,True,2-pointer,1,53-42,'SAS',leads
927,927,927,200612310SAS,25.1,9.3,3rd quarter,6:19.0,Tony Parker,SAS,True,2-pointer,4,55-44,'SAS',leads
928,928,928,200612310SAS,23.0,7.2,3rd quarter,4:42.0,Tim Duncan,SAS,True,2-pointer,2,57-49,'SAS',leads
929,929,929,200612310SAS,26.8,7.0,3rd quarter,3:33.0,Tony Parker,SAS,True,2-pointer,3,59-53,'SAS',leads
930,930,930,200612310SAS,22.7,7.0,3rd quarter,3:03.0,Bruce Bowen,SAS,False,2-pointer,2,60-53,'SAS',leads
931,931,931,200612310SAS,25.0,7.2,3rd quarter,2:32.0,Tony Parker,SAS,False,2-pointer,2,60-55,'SAS',leads
932,932,932,200612310SAS,23.8,7.2,3rd quarter,2:29.0,Matt Bonner,SAS,True,2-pointer,2,62-55,'SAS',leads
933,933,933,200612310SAS,23.2,6.0,3rd quarter,1:46.0,Manu Ginóbili,SAS,True,2-pointer,1,65-59,'SAS',leads
934,934,934,200612310SAS,9.5,26.2,3rd quarter,1:10.0,Manu Ginóbili,SAS,False,3-pointer,26,65-61,'SAS',leads
935,935,935,200612310SAS,24.0,5.0,3rd quarter,0:33.3,Fabricio Oberto,SAS,False,2-pointer,0,65-61,'SAS',leads
936,936,936,200612310SAS,23.2,6.2,3rd quarter,0:33.3,Matt Bonner,SAS,True,2-pointer,1,67-61,'SAS',leads
937,937,937,200612310SAS,47.5,6.0,3rd quarter,0:00.0,Beno Udrih,SAS,False,3-pointer,24,67-61,'SAS',leads
938,938,938,200612310SAS,22.9,6.8,4th quarter,11:45.0,Beno Udrih,SAS,True,2-pointer,2,69-61,'SAS',leads
939,939,939,200612310SAS,22.0,6.3,4th quarter,10:47.0,Manu Ginóbili,SAS,True,2-pointer,2,73-61,'SAS',leads
940,940,940,200612310SAS,43.7,6.3,4th quarter,10:18.0,Brent Barry,SAS,False,2-pointer,20,73-61,'SAS',leads
941,941,941,200612310SAS,22.0,5.3,4th quarter,9:53.0,Fabricio Oberto,SAS,True,2-pointer,2,75-61,'SAS',leads
942,942,942,200612310SAS,46.5,10.6,4th quarter,8:57.0,Matt Bonner,SAS,False,3-pointer,23,77-63,'SAS',leads
943,943,943,200612310SAS,25.6,9.8,4th quarter,8:20.0,Matt Bonner,SAS,False,2-pointer,5,77-63,'SAS',leads
944,944,944,200612310SAS,36.0,16.4,4th quarter,7:38.0,Brent Barry,SAS,False,2-pointer,17,77-65,'SAS',leads
945,945,945,200612310SAS,24.1,6.2,4th quarter,7:16.0,Michael Finley,SAS,False,2-pointer,1,77-65,'SAS',leads
946,946,946,200612310SAS,44.7,20.5,4th quarter,6:46.0,Brent Barry,SAS,False,3-pointer,26,77-65,'SAS',leads
947,947,947,200612310SAS,24.8,10.1,4th quarter,6:09.0,Tony Parker,SAS,False,2-pointer,5,77-67,'SAS',leads
948,948,948,200612310SAS,47.2,5.2,4th quarter,6:00.0,Brent Barry,SAS,True,3-pointer,23,80-67,'SAS',leads
949,949,949,200612310SAS,23.5,23.3,4th quarter,5:20.0,Tony Parker,SAS,False,2-pointer,18,80-67,'SAS',leads
950,950,950,200612310SAS,1.2,8.8,4th quarter,4:38.0,Brent Barry,SAS,False,3-pointer,23,80-67,'SAS',leads
951,951,951,200612310SAS,22.7,5.8,4th quarter,4:28.0,Tony Parker,SAS,False,2-pointer,2,80-67,'SAS',leads
952,952,952,200612310SAS,22.2,6.8,4th quarter,3:59.0,Tony Parker,SAS,True,2-pointer,3,82-67,'SAS',leads
953,953,953,200612310SAS,6.6,7.3,4th quarter,3:14.0,Michael Finley,SAS,False,2-pointer,18,82-70,'SAS',leads
954,954,954,200612310SAS,26.6,22.9,4th quarter,1:57.0,Tony Parker,SAS,True,2-pointer,18,87-75,'SAS',leads
955,955,955,200612310SAS,23.8,5.8,4th quarter,1:40.0,Michael Finley,SAS,True,2-pointer,1,89-75,'SAS',leads
956,956,956,200612310SAS,21.7,6.3,4th quarter,1:28.0,Tony Parker,SAS,True,2-pointer,3,91-77,'SAS',leads
957,957,957,200612310SAS,25.6,21.0,4th quarter,0:55.9,Fabricio Oberto,SAS,False,2-pointer,16,91-78,'SAS',leads
958,958,958,200612310SAS,25.5,5.8,4th quarter,0:34.9,Fabricio Oberto,SAS,True,2-pointer,2,93-78,'SAS',leads
959,959,959,200612310SAS,19.7,19.1,4th quarter,0:02.9,Jacque Vaughn,SAS,True,2-pointer,15,95-81,'SAS',leads
960,960,960,200612310SEA,24.0,5.0,1st quarter,11:07.0,Ryan Gomes,BOS,False,2-pointer,0,0-0,'SEA',tied
961,961,961,200612310SEA,28.3,6.0,1st quarter,10:35.0,Ryan Gomes,BOS,False,2-pointer,4,0-2,'SEA',trails
962,962,962,200612310SEA,23.7,21.1,1st quarter,10:09.0,Ryan Gomes,BOS,False,2-pointer,16,0-4,'SEA',trails
963,963,963,200612310SEA,24.0,5.0,1st quarter,9:50.0,Tony Allen,BOS,True,2-pointer,0,2-4,'SEA',trails
964,964,964,200612310SEA,24.0,5.0,1st quarter,9:38.0,Delonte West,BOS,False,2-pointer,0,2-4,'SEA',trails
965,965,965,200612310SEA,24.0,5.0,1st quarter,9:34.0,Ryan Gomes,BOS,True,2-pointer,0,4-4,'SEA',tied
966,966,966,200612310SEA,18.1,20.8,1st quarter,9:05.0,Delonte West,BOS,False,2-pointer,17,4-4,'SEA',tied
967,967,967,200612310SEA,31.1,7.8,1st quarter,8:36.0,Tony Allen,BOS,False,2-pointer,8,4-6,'SEA',trails
968,968,968,200612310SEA,38.8,25.9,1st quarter,8:09.0,Wally Szczerbiak,BOS,False,3-pointer,26,4-8,'SEA',trails
969,969,969,200612310SEA,10.7,21.6,1st quarter,7:33.0,Wally Szczerbiak,BOS,False,2-pointer,21,4-10,'SEA',trails
970,970,970,200612310SEA,7.6,18.5,1st quarter,7:12.0,Delonte West,BOS,False,2-pointer,21,4-10,'SEA',trails
971,971,971,200612310SEA,11.4,19.1,1st quarter,6:36.0,Tony Allen,BOS,False,2-pointer,19,4-12,'SEA',trails
972,972,972,200612310SEA,24.0,5.0,1st quarter,5:53.0,Tony Allen,BOS,True,2-pointer,0,6-14,'SEA',trails
973,973,973,200612310SEA,47.5,6.0,1st quarter,5:09.0,Tony Allen,BOS,False,3-pointer,24,7-17,'SEA',trails
974,974,974,200612310SEA,24.0,5.0,1st quarter,5:03.0,Tony Allen,BOS,True,2-pointer,0,9-17,'SEA',trails
975,975,975,200612310SEA,24.0,5.0,1st quarter,4:14.0,Wally Szczerbiak,BOS,True,2-pointer,0,11-19,'SEA',trails
976,976,976,200612310SEA,24.0,24.2,1st quarter,3:38.0,Wally Szczerbiak,BOS,False,2-pointer,19,11-19,'SEA',trails
977,977,977,200612310SEA,25.1,9.1,1st quarter,3:30.0,Al Jefferson,BOS,True,2-pointer,4,13-19,'SEA',trails
978,978,978,200612310SEA,24.0,5.0,1st quarter,2:46.0,Tony Allen,BOS,True,2-pointer,0,15-21,'SEA',trails
979,979,979,200612310SEA,27.3,6.2,1st quarter,2:04.0,Sebastian Telfair,BOS,False,2-pointer,4,15-23,'SEA',trails
980,980,980,200612310SEA,24.0,7.8,1st quarter,0:53.9,Sebastian Telfair,BOS,False,2-pointer,3,16-25,'SEA',trails
981,981,981,200612310SEA,24.0,9.0,1st quarter,0:26.9,Al Jefferson,BOS,False,2-pointer,4,18-25,'SEA',trails
982,982,982,200612310SEA,23.4,31.5,1st quarter,0:00.1,Gerald Green,BOS,False,3-pointer,27,18-27,'SEA',trails
983,983,983,200612310SEA,6.3,17.7,2nd quarter,11:31.0,Brian Scalabrine,BOS,False,2-pointer,22,18-27,'SEA',trails
984,984,984,200612310SEA,25.8,9.3,2nd quarter,10:01.0,Sebastian Telfair,BOS,True,2-pointer,5,20-27,'SEA',trails
985,985,985,200612310SEA,24.0,5.0,2nd quarter,9:26.0,Rajon Rondo,BOS,True,2-pointer,0,22-27,'SEA',trails
986,986,986,200612310SEA,28.7,5.0,2nd quarter,9:12.0,Sebastian Telfair,BOS,False,2-pointer,5,22-27,'SEA',trails
987,987,987,200612310SEA,24.0,5.0,2nd quarter,8:28.0,Rajon Rondo,BOS,True,2-pointer,0,24-29,'SEA',trails
988,988,988,200612310SEA,8.2,4.5,2nd quarter,7:38.0,Brian Scalabrine,BOS,False,2-pointer,16,24-31,'SEA',trails
989,989,989,200612310SEA,0.0,3.7,2nd quarter,7:13.0,Brian Scalabrine,BOS,False,3-pointer,24,24-31,'SEA',trails
990,990,990,200612310SEA,40.6,4.1,2nd quarter,6:25.0,Brian Scalabrine,BOS,False,2-pointer,17,24-31,'SEA',trails
991,991,991,200612310SEA,45.8,18.3,2nd quarter,5:57.0,Gerald Green,BOS,True,3-pointer,26,27-33,'SEA',trails
992,992,992,200612310SEA,19.1,6.2,2nd quarter,5:20.0,Tony Allen,BOS,False,2-pointer,5,29-35,'SEA',trails
993,993,993,200612310SEA,24.0,5.0,2nd quarter,5:12.0,Rajon Rondo,BOS,False,2-pointer,0,29-35,'SEA',trails
994,994,994,200612310SEA,24.0,5.0,2nd quarter,5:10.0,Kendrick Perkins,BOS,True,2-pointer,0,31-35,'SEA',trails
995,995,995,200612310SEA,12.3,17.7,2nd quarter,4:48.0,Tony Allen,BOS,False,2-pointer,17,31-37,'SEA',trails
996,996,996,200612310SEA,24.0,5.0,2nd quarter,3:22.0,Tony Allen,BOS,True,2-pointer,0,33-39,'SEA',trails
997,997,997,200612310SEA,20.9,5.8,2nd quarter,2:55.0,Al Jefferson,BOS,True,2-pointer,3,35-39,'SEA',trails
998,998,998,200612310SEA,24.0,9.8,2nd quarter,2:11.0,Al Jefferson,BOS,False,2-pointer,5,35-39,'SEA',trails
999,999,999,200612310SEA,24.0,5.0,2nd quarter,1:45.0,Tony Allen,BOS,True,2-pointer,0,37-42,'SEA',trails
1000,1000,1000,200612310SEA,7.4,4.9,2nd quarter,0:40.9,Ryan Gomes,BOS,False,2-pointer,17,37-44,'SEA',trails
1001,1001,1001,200612310SEA,20.9,6.5,2nd quarter,0:06.9,Al Jefferson,BOS,False,2-pointer,3,37-46,'SEA',trails
1002,1002,1002,200612310SEA,21.2,5.7,2nd quarter,0:05.3,Al Jefferson,BOS,True,2-pointer,3,39-46,'SEA',trails
1003,1003,1003,200612310SEA,38.4,36.1,2nd quarter,0:00.1,Tony Allen,BOS,False,3-pointer,34,39-48,'SEA',trails
1004,1004,1004,200612310SEA,27.8,25.1,3rd quarter,11:27.0,Wally Szczerbiak,BOS,True,2-pointer,20,41-48,'SEA',trails
1005,1005,1005,200612310SEA,35.3,6.3,3rd quarter,11:00.0,Ryan Gomes,BOS,False,2-pointer,11,41-48,'SEA',trails
1006,1006,1006,200612310SEA,12.3,4.7,3rd quarter,10:18.0,Wally Szczerbiak,BOS,False,2-pointer,12,41-51,'SEA',trails
1007,1007,1007,200612310SEA,3.5,19.8,3rd quarter,10:04.0,Tony Allen,BOS,True,3-pointer,25,44-51,'SEA',trails
1008,1008,1008,200612310SEA,24.0,5.0,3rd quarter,9:29.0,Wally Szczerbiak,BOS,True,2-pointer,0,46-53,'SEA',trails
1009,1009,1009,200612310SEA,23.8,9.9,3rd quarter,8:07.0,Al Jefferson,BOS,False,2-pointer,5,47-57,'SEA',trails
1010,1010,1010,200612310SEA,24.0,5.0,3rd quarter,7:27.0,Al Jefferson,BOS,True,2-pointer,0,49-57,'SEA',trails
1011,1011,1011,200612310SEA,24.0,5.0,3rd quarter,7:10.0,Wally Szczerbiak,BOS,True,2-pointer,0,51-57,'SEA',trails
1012,1012,1012,200612310SEA,16.5,19.8,3rd quarter,6:33.0,Wally Szczerbiak,BOS,False,2-pointer,17,51-59,'SEA',trails
1013,1013,1013,200612310SEA,24.5,28.2,3rd quarter,5:51.0,Wally Szczerbiak,BOS,False,2-pointer,23,51-61,'SEA',trails
1014,1014,1014,200612310SEA,24.0,5.0,3rd quarter,4:50.0,Al Jefferson,BOS,False,2-pointer,0,51-65,'SEA',trails
1015,1015,1015,200612310SEA,24.0,5.0,3rd quarter,3:38.0,Kendrick Perkins,BOS,True,2-pointer,0,55-68,'SEA',trails
1016,1016,1016,200612310SEA,26.3,5.3,3rd quarter,2:50.0,Kendrick Perkins,BOS,False,2-pointer,2,55-72,'SEA',trails
1017,1017,1017,200612310SEA,21.2,8.1,3rd quarter,2:36.0,Tony Allen,BOS,True,2-pointer,4,57-72,'SEA',trails
1018,1018,1018,200612310SEA,2.8,18.3,3rd quarter,1:57.0,Brian Scalabrine,BOS,False,3-pointer,25,57-74,'SEA',trails
1019,1019,1019,200612310SEA,26.4,15.9,3rd quarter,1:21.0,Rajon Rondo,BOS,False,2-pointer,11,57-74,'SEA',trails
1020,1020,1020,200612310SEA,31.5,21.1,3rd quarter,0:48.9,Sebastian Telfair,BOS,False,2-pointer,18,57-74,'SEA',trails
1021,1021,1021,200612310SEA,12.5,4.4,3rd quarter,0:31.8,Gerald Green,BOS,True,2-pointer,12,59-74,'SEA',trails
1022,1022,1022,200612310SEA,24.0,8.6,3rd quarter,0:01.9,Sebastian Telfair,BOS,False,2-pointer,4,59-76,'SEA',trails
1023,1023,1023,200612310SEA,21.1,6.8,4th quarter,11:37.0,Al Jefferson,BOS,True,2-pointer,3,61-76,'SEA',trails
1024,1024,1024,200612310SEA,2.3,18.2,4th quarter,11:14.0,Tony Allen,BOS,False,3-pointer,25,61-78,'SEA',trails
1025,1025,1025,200612310SEA,24.0,5.0,4th quarter,10:59.0,Gerald Green,BOS,False,2-pointer,0,61-78,'SEA',trails
1026,1026,1026,200612310SEA,33.2,7.0,4th quarter,10:44.0,Al Jefferson,BOS,True,2-pointer,9,63-78,'SEA',trails
1027,1027,1027,200612310SEA,43.0,21.8,4th quarter,9:46.0,Gerald Green,BOS,False,3-pointer,25,63-78,'SEA',trails
1028,1028,1028,200612310SEA,24.0,5.0,4th quarter,9:29.0,Rajon Rondo,BOS,True,2-pointer,0,65-78,'SEA',trails
1029,1029,1029,200612310SEA,24.0,5.0,4th quarter,8:42.0,Al Jefferson,BOS,True,2-pointer,0,67-80,'SEA',trails
1030,1030,1030,200612310SEA,24.0,5.0,4th quarter,8:06.0,Rajon Rondo,BOS,False,2-pointer,0,67-80,'SEA',trails
1031,1031,1031,200612310SEA,24.0,5.0,4th quarter,8:03.0,Al Jefferson,BOS,True,2-pointer,0,69-80,'SEA',trails
1032,1032,1032,200612310SEA,24.0,5.0,4th quarter,7:36.0,Sebastian Telfair,BOS,False,2-pointer,0,69-80,'SEA',trails
1033,1033,1033,200612310SEA,0.8,4.1,4th quarter,7:29.0,Gerald Green,BOS,False,3-pointer,23,69-80,'SEA',trails
1034,1034,1034,200612310SEA,24.0,5.0,4th quarter,7:18.0,Gerald Green,BOS,True,2-pointer,0,71-80,'SEA',trails
1035,1035,1035,200612310SEA,0.3,4.1,4th quarter,6:17.0,Gerald Green,BOS,False,3-pointer,24,73-83,'SEA',trails
1036,1036,1036,200612310SEA,28.1,6.8,4th quarter,6:13.0,Rajon Rondo,BOS,True,2-pointer,4,75-83,'SEA',trails
1037,1037,1037,200612310SEA,24.3,7.5,4th quarter,5:37.0,Al Jefferson,BOS,False,2-pointer,3,75-86,'SEA',trails
1038,1038,1038,200612310SEA,28.4,5.3,4th quarter,5:09.0,Rajon Rondo,BOS,True,2-pointer,4,79-86,'SEA',trails
1039,1039,1039,200612310SEA,25.3,29.7,4th quarter,3:56.0,Wally Szczerbiak,BOS,False,3-pointer,25,80-89,'SEA',trails
1040,1040,1040,200612310SEA,11.7,6.3,4th quarter,3:03.0,Al Jefferson,BOS,False,2-pointer,12,80-91,'SEA',trails
1041,1041,1041,200612310SEA,44.2,3.6,4th quarter,2:28.0,Wally Szczerbiak,BOS,True,2-pointer,20,82-91,'SEA',trails
1042,1042,1042,200612310SEA,24.0,5.0,4th quarter,1:44.0,Gerald Green,BOS,True,2-pointer,0,84-93,'SEA',trails
1043,1043,1043,200612310SEA,24.0,5.0,4th quarter,1:13.0,Rajon Rondo,BOS,True,2-pointer,0,87-93,'SEA',trails
1044,1044,1044,200612310SEA,47.3,5.0,4th quarter,0:50.9,Gerald Green,BOS,False,3-pointer,23,87-93,'SEA',trails
1045,1045,1045,200612310SEA,2.8,21.1,4th quarter,0:31.8,Gerald Green,BOS,False,3-pointer,27,89-97,'SEA',trails
1046,1046,1046,200612310SEA,40.3,23.4,4th quarter,0:17.9,Gerald Green,BOS,True,3-pointer,25,92-99,'SEA',trails
1047,1047,1047,200612310SEA,40.3,24.9,4th quarter,0:11.2,Gerald Green,BOS,True,3-pointer,26,95-101,'SEA',trails
1048,1048,1048,200612310SEA,24.3,8.6,1st quarter,10:52.0,Chris Wilcox,SEA,True,2-pointer,4,2-0,'SEA',leads
1049,1049,1049,200612310SEA,43.4,5.0,1st quarter,10:24.0,Damien Wilkins,SEA,True,2-pointer,19,4-0,'SEA',leads
1050,1050,1050,200612310SEA,26.4,11.4,1st quarter,9:15.0,Ray Allen,SEA,False,2-pointer,7,4-4,'SEA',tied
1051,1051,1051,200612310SEA,25.6,17.8,1st quarter,8:54.0,Damien Wilkins,SEA,False,2-pointer,13,4-4,'SEA',tied
1052,1052,1052,200612310SEA,24.0,5.0,1st quarter,8:50.0,Danny Fortson,SEA,True,2-pointer,0,6-4,'SEA',leads
1053,1053,1053,200612310SEA,10.5,17.0,1st quarter,8:28.0,Luke Ridnour,SEA,True,2-pointer,18,8-4,'SEA',leads
1054,1054,1054,200612310SEA,24.0,5.0,1st quarter,7:54.0,Chris Wilcox,SEA,True,2-pointer,0,10-4,'SEA',leads
1055,1055,1055,200612310SEA,24.0,5.0,1st quarter,6:59.0,Damien Wilkins,SEA,True,2-pointer,0,12-4,'SEA',leads
1056,1056,1056,200612310SEA,24.0,5.0,1st quarter,6:20.0,Chris Wilcox,SEA,True,2-pointer,0,14-4,'SEA',leads
1057,1057,1057,200612310SEA,22.7,30.7,1st quarter,5:28.0,Ray Allen,SEA,True,3-pointer,26,17-7,'SEA',leads
1058,1058,1058,200612310SEA,24.8,24.2,1st quarter,4:41.0,Ray Allen,SEA,True,2-pointer,19,19-9,'SEA',leads
1059,1059,1059,200612310SEA,15.3,4.4,1st quarter,3:59.0,Chris Wilcox,SEA,False,2-pointer,9,19-11,'SEA',leads
1060,1060,1060,200612310SEA,4.6,4.7,1st quarter,3:06.0,Damien Wilkins,SEA,True,2-pointer,19,21-13,'SEA',leads
1061,1061,1061,200612310SEA,10.4,7.5,1st quarter,2:22.0,Luke Ridnour,SEA,True,2-pointer,14,23-15,'SEA',leads
1062,1062,1062,200612310SEA,20.7,12.9,1st quarter,1:32.0,Johan Petro,SEA,True,2-pointer,9,25-15,'SEA',leads
1063,1063,1063,200612310SEA,18.9,7.0,1st quarter,0:03.4,Luke Ridnour,SEA,True,2-pointer,5,27-18,'SEA',leads
1064,1064,1064,200612310SEA,15.0,15.2,2nd quarter,11:42.0,Ray Allen,SEA,False,2-pointer,14,27-18,'SEA',leads
1065,1065,1065,200612310SEA,19.2,8.0,2nd quarter,11:38.0,Ray Allen,SEA,False,2-pointer,6,27-18,'SEA',leads
1066,1066,1066,200612310SEA,34.8,11.1,2nd quarter,11:08.0,Earl Watson,SEA,False,2-pointer,12,27-18,'SEA',leads
1067,1067,1067,200612310SEA,30.1,17.8,2nd quarter,11:07.0,Ray Allen,SEA,False,2-pointer,14,27-18,'SEA',leads
1068,1068,1068,200612310SEA,16.9,13.4,2nd quarter,10:36.0,Nick Collison,SEA,False,2-pointer,11,27-18,'SEA',leads
1069,1069,1069,200612310SEA,12.0,20.3,2nd quarter,10:08.0,Nick Collison,SEA,False,2-pointer,19,27-18,'SEA',leads
1070,1070,1070,200612310SEA,23.2,31.0,2nd quarter,9:39.0,Ray Allen,SEA,False,3-pointer,26,27-20,'SEA',leads
1071,1071,1071,200612310SEA,23.7,18.3,2nd quarter,8:49.0,Ray Allen,SEA,False,2-pointer,13,27-22,'SEA',leads
1072,1072,1072,200612310SEA,24.0,5.0,2nd quarter,8:46.0,Ray Allen,SEA,True,2-pointer,0,29-22,'SEA',leads
1073,1073,1073,200612310SEA,24.0,5.0,2nd quarter,8:04.0,Ray Allen,SEA,True,2-pointer,0,31-24,'SEA',leads
1074,1074,1074,200612310SEA,22.9,9.6,2nd quarter,7:26.0,Nick Collison,SEA,False,2-pointer,5,31-24,'SEA',leads
1075,1075,1075,200612310SEA,24.0,5.0,2nd quarter,6:59.0,Ray Allen,SEA,False,2-pointer,0,31-24,'SEA',leads
1076,1076,1076,200612310SEA,24.0,5.0,2nd quarter,6:16.0,Nick Collison,SEA,True,2-pointer,0,33-24,'SEA',leads
1077,1077,1077,200612310SEA,15.6,7.5,2nd quarter,5:34.0,Chris Wilcox,SEA,True,2-pointer,9,35-29,'SEA',leads
1078,1078,1078,200612310SEA,31.4,12.9,2nd quarter,5:01.0,Earl Watson,SEA,False,2-pointer,11,35-31,'SEA',leads
1079,1079,1079,200612310SEA,24.0,5.0,2nd quarter,4:57.0,Earl Watson,SEA,True,2-pointer,0,37-31,'SEA',leads
1080,1080,1080,200612310SEA,22.9,30.0,2nd quarter,4:26.0,Ray Allen,SEA,False,3-pointer,25,37-31,'SEA',leads
1081,1081,1081,200612310SEA,14.0,5.3,2nd quarter,3:10.0,Johan Petro,SEA,False,2-pointer,10,39-33,'SEA',leads
1082,1082,1082,200612310SEA,33.2,9.5,2nd quarter,2:31.0,Ray Allen,SEA,False,2-pointer,10,39-35,'SEA',leads
1083,1083,1083,200612310SEA,18.8,6.2,2nd quarter,2:00.0,Chris Wilcox,SEA,True,2-pointer,5,41-35,'SEA',leads
1084,1084,1084,200612310SEA,35.7,14.5,2nd quarter,1:36.0,Damien Wilkins,SEA,True,2-pointer,15,44-37,'SEA',leads
1085,1085,1085,200612310SEA,31.9,16.0,2nd quarter,1:02.0,Chris Wilcox,SEA,False,2-pointer,14,44-37,'SEA',leads
1086,1086,1086,200612310SEA,28.7,4.4,2nd quarter,0:32.5,Damien Wilkins,SEA,True,2-pointer,5,46-37,'SEA',leads
1087,1087,1087,200612310SEA,17.1,17.8,3rd quarter,11:12.0,Ray Allen,SEA,False,2-pointer,15,48-41,'SEA',leads
1088,1088,1088,200612310SEA,0.8,4.7,3rd quarter,10:36.0,Damien Wilkins,SEA,True,3-pointer,23,51-41,'SEA',leads
1089,1089,1089,200612310SEA,5.6,3.9,3rd quarter,9:49.0,Ray Allen,SEA,True,2-pointer,18,53-44,'SEA',leads
1090,1090,1090,200612310SEA,24.0,5.0,3rd quarter,9:16.0,Chris Wilcox,SEA,True,2-pointer,0,55-47,'SEA',leads
1091,1091,1091,200612310SEA,30.2,4.2,3rd quarter,8:24.0,Chris Wilcox,SEA,False,2-pointer,6,57-47,'SEA',leads
1092,1092,1092,200612310SEA,27.9,6.2,3rd quarter,7:46.0,Chris Wilcox,SEA,False,2-pointer,4,57-47,'SEA',leads
1093,1093,1093,200612310SEA,25.0,18.2,3rd quarter,6:52.0,Luke Ridnour,SEA,True,2-pointer,13,59-51,'SEA',leads
1094,1094,1094,200612310SEA,3.8,9.0,3rd quarter,6:14.0,Ray Allen,SEA,True,2-pointer,21,61-51,'SEA',leads
1095,1095,1095,200612310SEA,26.8,7.5,3rd quarter,5:39.0,Johan Petro,SEA,True,2-pointer,4,63-51,'SEA',leads
1096,1096,1096,200612310SEA,24.0,5.0,3rd quarter,5:09.0,Chris Wilcox,SEA,True,2-pointer,0,65-51,'SEA',leads
1097,1097,1097,200612310SEA,24.0,5.0,3rd quarter,4:31.0,Chris Wilcox,SEA,True,2-pointer,0,67-51,'SEA',leads
1098,1098,1098,200612310SEA,24.0,5.0,3rd quarter,3:52.0,Chris Wilcox,SEA,False,2-pointer,0,68-53,'SEA',leads
1099,1099,1099,200612310SEA,37.3,9.6,3rd quarter,3:22.0,Damien Wilkins,SEA,True,2-pointer,14,70-55,'SEA',leads
1100,1100,1100,200612310SEA,24.0,5.0,3rd quarter,2:57.0,Earl Watson,SEA,True,2-pointer,0,72-55,'SEA',leads
1101,1101,1101,200612310SEA,24.0,10.1,3rd quarter,2:14.0,Johan Petro,SEA,True,2-pointer,5,74-57,'SEA',leads
1102,1102,1102,200612310SEA,24.0,5.0,3rd quarter,1:31.0,Luke Ridnour,SEA,False,2-pointer,0,74-57,'SEA',leads
1103,1103,1103,200612310SEA,23.8,7.8,3rd quarter,0:56.9,Nick Collison,SEA,False,2-pointer,3,74-57,'SEA',leads
1104,1104,1104,200612310SEA,24.0,5.0,3rd quarter,0:09.9,Damien Wilkins,SEA,True,2-pointer,0,76-59,'SEA',leads
1105,1105,1105,200612310SEA,24.0,5.0,4th quarter,11:28.0,Earl Watson,SEA,True,2-pointer,0,78-61,'SEA',leads
1106,1106,1106,200612310SEA,24.0,5.0,4th quarter,11:07.0,Nick Collison,SEA,False,2-pointer,0,78-61,'SEA',leads
1107,1107,1107,200612310SEA,23.4,9.6,4th quarter,9:54.0,Nick Collison,SEA,False,2-pointer,5,78-63,'SEA',leads
1108,1108,1108,200612310SEA,19.6,4.5,4th quarter,9:02.0,Johan Petro,SEA,True,2-pointer,4,80-65,'SEA',leads
1109,1109,1109,200612310SEA,4.1,21.1,4th quarter,8:18.0,Ray Allen,SEA,False,3-pointer,26,80-67,'SEA',leads
1110,1110,1110,200612310SEA,24.0,5.0,4th quarter,7:40.0,Ray Allen,SEA,False,2-pointer,0,80-69,'SEA',leads
1111,1111,1111,200612310SEA,24.1,20.6,4th quarter,7:00.0,Luke Ridnour,SEA,True,2-pointer,16,82-71,'SEA',leads
1112,1112,1112,200612310SEA,13.3,27.9,4th quarter,5:59.0,Damien Wilkins,SEA,True,3-pointer,25,86-75,'SEA',leads
1113,1113,1113,200612310SEA,6.3,22.6,4th quarter,4:47.0,Ray Allen,SEA,False,3-pointer,25,86-79,'SEA',leads
1114,1114,1114,200612310SEA,47.2,15.7,4th quarter,4:13.0,Earl Watson,SEA,True,3-pointer,26,89-80,'SEA',leads
1115,1115,1115,200612310SEA,31.7,29.7,4th quarter,3:37.0,Luke Ridnour,SEA,False,3-pointer,26,89-80,'SEA',leads
1116,1116,1116,200612310SEA,24.0,5.0,4th quarter,3:25.0,Earl Watson,SEA,True,2-pointer,0,91-80,'SEA',leads
1117,1117,1117,200612310SEA,20.4,26.7,4th quarter,2:40.0,Damien Wilkins,SEA,False,2-pointer,22,91-80,'SEA',leads
1118,1118,1118,200612310SEA,32.0,21.9,4th quarter,1:55.0,Ray Allen,SEA,True,2-pointer,19,93-82,'SEA',leads
1119,1119,1119,200612310SEA,22.2,6.3,4th quarter,1:33.0,Earl Watson,SEA,False,2-pointer,2,93-85,'SEA',leads
1120,1120,1120,200612310SEA,26.9,8.0,4th quarter,1:21.0,Luke Ridnour,SEA,False,2-pointer,4,93-85,'SEA',leads
1121,1121,1121,200612310SEA,24.0,5.0,4th quarter,0:59.9,Luke Ridnour,SEA,False,2-pointer,0,93-87,'SEA',leads
