,Unnamed: 0.1,Unnamed: 0,match_id,shotX,shotY,quarter,time_remaining,player,team,made,shot_type,distance,score,opp,status
0,0,0,202102220DAL,25.7,10.3,1st quarter,11:41.0,Jonas Valančiūnas,MEM,False,2-pointer,7,0-0,'DAL',tied
1,1,1,202102220DAL,25.4,4.9,1st quarter,11:17.0,Kyle Anderson,MEM,False,2-pointer,2,0-0,'DAL',tied
2,2,2,202102220DAL,23.8,15.7,1st quarter,10:08.0,Ja Morant,MEM,True,2-pointer,12,2-5,'DAL',trails
3,3,3,202102220DAL,18.7,6.5,1st quarter,9:34.0,Jonas Valančiūnas,MEM,False,2-pointer,6,2-5,'DAL',trails
4,4,4,202102220DAL,20.3,5.2,1st quarter,9:13.0,Ja Morant,MEM,False,2-pointer,4,2-5,'DAL',trails
5,5,5,202102220DAL,46.8,3.9,1st quarter,8:28.0,Brandon Clarke,MEM,False,3-pointer,23,2-5,'DAL',trails
6,6,6,202102220DAL,20.5,27.3,1st quarter,8:03.0,Jonas Valančiūnas,MEM,False,3-pointer,24,2-7,'DAL',trails
7,7,7,202102220DAL,23.2,5.9,1st quarter,7:39.0,Jonas Valančiūnas,MEM,False,2-pointer,3,2-7,'DAL',trails
8,8,8,202102220DAL,35.2,30.8,1st quarter,7:35.0,Ja Morant,MEM,False,3-pointer,30,2-7,'DAL',trails
9,9,9,202102220DAL,41.8,20.5,1st quarter,6:45.0,Grayson Allen,MEM,False,3-pointer,25,2-10,'DAL',trails
10,10,10,202102220DAL,40.6,22.8,1st quarter,6:10.0,Desmond Bane,MEM,True,3-pointer,26,5-12,'DAL',trails
11,11,11,202102220DAL,24.1,8.1,1st quarter,5:42.0,Desmond Bane,MEM,False,2-pointer,5,5-12,'DAL',trails
12,12,12,202102220DAL,26.3,12.3,1st quarter,5:21.0,Ja Morant,MEM,False,2-pointer,9,5-15,'DAL',trails
13,13,13,202102220DAL,23.7,15.0,1st quarter,4:49.0,Grayson Allen,MEM,False,2-pointer,12,5-15,'DAL',trails
14,14,14,202102220DAL,39.8,4.7,1st quarter,4:22.0,Justise Winslow,MEM,False,2-pointer,16,5-15,'DAL',trails
15,15,15,202102220DAL,42.3,19.8,1st quarter,4:05.0,Desmond Bane,MEM,False,3-pointer,25,5-18,'DAL',trails
16,16,16,202102220DAL,24.1,4.6,1st quarter,3:33.0,Justise Winslow,MEM,False,2-pointer,1,5-18,'DAL',trails
17,17,17,202102220DAL,44.8,17.2,1st quarter,3:29.0,Tyus Jones,MEM,False,3-pointer,25,5-18,'DAL',trails
18,18,18,202102220DAL,33.3,16.8,1st quarter,2:59.0,Tyus Jones,MEM,True,2-pointer,16,7-20,'DAL',trails
19,19,19,202102220DAL,43.7,18.3,1st quarter,2:31.0,De'Anthony Melton,MEM,False,3-pointer,25,7-20,'DAL',trails
20,20,20,202102220DAL,24.9,13.7,1st quarter,2:06.0,Tyus Jones,MEM,True,2-pointer,10,9-20,'DAL',trails
21,21,21,202102220DAL,6.4,20.6,1st quarter,1:34.0,Justise Winslow,MEM,False,3-pointer,25,9-20,'DAL',trails
22,22,22,202102220DAL,23.6,15.5,1st quarter,1:14.0,Tyus Jones,MEM,True,2-pointer,12,11-24,'DAL',trails
23,23,23,202102220DAL,23.3,4.1,1st quarter,0:46.0,Justise Winslow,MEM,False,2-pointer,1,11-24,'DAL',trails
24,24,24,202102220DAL,18.7,4.7,1st quarter,0:11.0,Tyus Jones,MEM,True,2-pointer,5,13-26,'DAL',trails
25,25,25,202102220DAL,28.3,12.4,2nd quarter,10:59.0,Jonas Valančiūnas,MEM,True,2-pointer,10,15-29,'DAL',trails
26,26,26,202102220DAL,23.4,3.2,2nd quarter,10:17.0,Jonas Valančiūnas,MEM,True,2-pointer,1,17-31,'DAL',trails
27,27,27,202102220DAL,26.2,11.5,2nd quarter,9:51.0,De'Anthony Melton,MEM,False,2-pointer,9,17-31,'DAL',trails
28,28,28,202102220DAL,18.4,10.8,2nd quarter,9:34.0,Jonas Valančiūnas,MEM,True,2-pointer,9,19-33,'DAL',trails
29,29,29,202102220DAL,18.4,8.8,2nd quarter,8:40.0,Tyus Jones,MEM,True,2-pointer,8,21-35,'DAL',trails
30,30,30,202102220DAL,16.3,10.0,2nd quarter,8:03.0,Tyus Jones,MEM,False,2-pointer,10,21-37,'DAL',trails
31,31,31,202102220DAL,1.5,3.9,2nd quarter,7:33.0,Kyle Anderson,MEM,False,3-pointer,23,21-37,'DAL',trails
32,32,32,202102220DAL,23.2,2.9,2nd quarter,6:57.0,Ja Morant,MEM,True,2-pointer,1,23-37,'DAL',trails
33,33,33,202102220DAL,28.0,3.9,2nd quarter,6:28.0,Jonas Valančiūnas,MEM,False,2-pointer,4,23-37,'DAL',trails
34,34,34,202102220DAL,24.2,3.6,2nd quarter,6:26.0,Jonas Valančiūnas,MEM,False,2-pointer,0,23-37,'DAL',trails
35,35,35,202102220DAL,34.5,26.5,2nd quarter,6:05.0,Ja Morant,MEM,False,3-pointer,26,23-40,'DAL',trails
36,36,36,202102220DAL,25.8,3.8,2nd quarter,5:06.0,Ja Morant,MEM,True,2-pointer,2,25-43,'DAL',trails
37,37,37,202102220DAL,33.3,25.5,2nd quarter,4:43.0,Justise Winslow,MEM,False,3-pointer,24,25-43,'DAL',trails
38,38,38,202102220DAL,14.1,6.3,2nd quarter,4:27.0,Ja Morant,MEM,False,2-pointer,10,25-45,'DAL',trails
39,39,39,202102220DAL,0.9,2.9,2nd quarter,4:06.0,Justise Winslow,MEM,True,3-pointer,23,28-48,'DAL',trails
40,40,40,202102220DAL,25.0,1.6,2nd quarter,3:32.0,Xavier Tillman,MEM,True,2-pointer,2,30-48,'DAL',trails
41,41,41,202102220DAL,21.1,5.3,2nd quarter,2:50.0,Desmond Bane,MEM,True,2-pointer,4,32-51,'DAL',trails
42,42,42,202102220DAL,30.3,12.8,2nd quarter,2:21.0,Brandon Clarke,MEM,False,2-pointer,11,32-54,'DAL',trails
43,43,43,202102220DAL,1.5,3.4,2nd quarter,1:26.0,Xavier Tillman,MEM,False,3-pointer,23,34-54,'DAL',trails
44,44,44,202102220DAL,6.2,2.4,2nd quarter,0:11.0,Desmond Bane,MEM,True,2-pointer,18,36-54,'DAL',trails
45,45,45,202102220DAL,5.4,21.3,3rd quarter,11:36.0,Ja Morant,MEM,False,3-pointer,26,36-54,'DAL',trails
46,46,46,202102220DAL,24.3,7.8,3rd quarter,11:10.0,Jonas Valančiūnas,MEM,False,2-pointer,5,36-54,'DAL',trails
47,47,47,202102220DAL,30.3,4.7,3rd quarter,10:44.0,Kyle Anderson,MEM,True,2-pointer,6,38-56,'DAL',trails
48,48,48,202102220DAL,24.6,3.4,3rd quarter,10:23.0,Ja Morant,MEM,True,2-pointer,1,40-58,'DAL',trails
49,49,49,202102220DAL,3.8,17.4,3rd quarter,9:53.0,Grayson Allen,MEM,False,3-pointer,25,40-58,'DAL',trails
50,50,50,202102220DAL,23.7,3.8,3rd quarter,9:25.0,Ja Morant,MEM,True,2-pointer,1,42-60,'DAL',trails
51,51,51,202102220DAL,21.0,28.7,3rd quarter,8:51.0,Grayson Allen,MEM,False,3-pointer,26,42-63,'DAL',trails
52,52,52,202102220DAL,23.8,4.2,3rd quarter,7:46.0,Jonas Valančiūnas,MEM,True,2-pointer,1,46-63,'DAL',trails
53,53,53,202102220DAL,22.1,14.9,3rd quarter,7:06.0,Jonas Valančiūnas,MEM,False,2-pointer,12,46-65,'DAL',trails
54,54,54,202102220DAL,24.0,3.3,3rd quarter,7:05.0,Jonas Valančiūnas,MEM,False,2-pointer,0,46-65,'DAL',trails
55,55,55,202102220DAL,24.4,4.4,3rd quarter,7:04.0,Jonas Valančiūnas,MEM,False,2-pointer,1,46-65,'DAL',trails
56,56,56,202102220DAL,24.2,6.5,3rd quarter,6:40.0,Ja Morant,MEM,True,2-pointer,3,48-65,'DAL',trails
57,57,57,202102220DAL,13.2,10.5,3rd quarter,6:14.0,Ja Morant,MEM,False,2-pointer,13,48-67,'DAL',trails
58,58,58,202102220DAL,19.4,9.0,3rd quarter,6:06.0,Kyle Anderson,MEM,True,2-pointer,7,50-67,'DAL',trails
59,59,59,202102220DAL,30.9,3.3,3rd quarter,5:43.0,Grayson Allen,MEM,True,2-pointer,7,52-69,'DAL',trails
60,60,60,202102220DAL,1.4,4.4,3rd quarter,4:13.0,Justise Winslow,MEM,False,3-pointer,23,53-71,'DAL',trails
61,61,61,202102220DAL,20.7,10.1,3rd quarter,3:58.0,Ja Morant,MEM,False,2-pointer,8,53-73,'DAL',trails
62,62,62,202102220DAL,27.3,3.6,3rd quarter,3:48.0,Xavier Tillman,MEM,True,2-pointer,3,55-73,'DAL',trails
63,63,63,202102220DAL,15.7,22.5,3rd quarter,3:25.0,Justise Winslow,MEM,False,2-pointer,21,55-75,'DAL',trails
64,64,64,202102220DAL,21.5,11.5,3rd quarter,3:11.0,Desmond Bane,MEM,False,2-pointer,9,55-75,'DAL',trails
65,65,65,202102220DAL,19.2,10.3,3rd quarter,2:46.0,Ja Morant,MEM,True,2-pointer,9,57-77,'DAL',trails
66,66,66,202102220DAL,4.7,18.9,3rd quarter,2:18.0,De'Anthony Melton,MEM,False,3-pointer,25,57-77,'DAL',trails
67,67,67,202102220DAL,36.4,10.8,3rd quarter,1:53.0,De'Anthony Melton,MEM,True,2-pointer,15,59-79,'DAL',trails
68,68,68,202102220DAL,43.1,19.3,3rd quarter,1:25.0,De'Anthony Melton,MEM,False,3-pointer,25,59-79,'DAL',trails
69,69,69,202102220DAL,6.7,20.5,3rd quarter,0:31.0,De'Anthony Melton,MEM,True,3-pointer,24,62-81,'DAL',trails
70,70,70,202102220DAL,15.0,27.3,3rd quarter,0:01.0,Jonas Valančiūnas,MEM,False,3-pointer,26,62-81,'DAL',trails
71,71,71,202102220DAL,33.5,7.7,4th quarter,11:35.0,Desmond Bane,MEM,False,2-pointer,10,62-81,'DAL',trails
72,72,72,202102220DAL,21.2,10.8,4th quarter,10:29.0,Jonas Valančiūnas,MEM,True,2-pointer,8,64-83,'DAL',trails
73,73,73,202102220DAL,47.1,10.3,4th quarter,10:02.0,Desmond Bane,MEM,True,3-pointer,24,67-86,'DAL',trails
74,74,74,202102220DAL,13.5,27.5,4th quarter,9:33.0,De'Anthony Melton,MEM,False,3-pointer,26,67-86,'DAL',trails
75,75,75,202102220DAL,22.2,9.1,4th quarter,9:11.0,Brandon Clarke,MEM,True,2-pointer,6,69-87,'DAL',trails
76,76,76,202102220DAL,1.4,10.5,4th quarter,8:48.0,Desmond Bane,MEM,False,3-pointer,24,69-87,'DAL',trails
77,77,77,202102220DAL,21.2,12.8,4th quarter,8:16.0,Brandon Clarke,MEM,True,2-pointer,10,73-90,'DAL',trails
78,78,78,202102220DAL,1.2,7.9,4th quarter,7:52.0,De'Anthony Melton,MEM,False,3-pointer,23,73-90,'DAL',trails
79,79,79,202102220DAL,20.0,21.8,4th quarter,7:26.0,Ja Morant,MEM,False,2-pointer,19,73-92,'DAL',trails
80,80,80,202102220DAL,21.3,4.0,4th quarter,6:22.0,Ja Morant,MEM,True,2-pointer,3,75-92,'DAL',trails
81,81,81,202102220DAL,25.6,7.9,4th quarter,5:57.0,Kyle Anderson,MEM,True,2-pointer,5,77-95,'DAL',trails
82,82,82,202102220DAL,34.0,11.5,4th quarter,5:07.0,Justise Winslow,MEM,False,2-pointer,13,78-96,'DAL',trails
83,83,83,202102220DAL,9.0,26.1,4th quarter,4:05.0,Grayson Allen,MEM,False,3-pointer,27,79-96,'DAL',trails
84,84,84,202102220DAL,0.8,5.1,4th quarter,3:36.0,Kyle Anderson,MEM,True,3-pointer,23,82-97,'DAL',trails
85,85,85,202102220DAL,22.7,3.4,4th quarter,2:47.0,Jonas Valančiūnas,MEM,False,2-pointer,1,82-97,'DAL',trails
86,86,86,202102220DAL,23.6,4.7,4th quarter,2:43.0,Jonas Valančiūnas,MEM,False,2-pointer,1,82-97,'DAL',trails
87,87,87,202102220DAL,22.2,4.7,4th quarter,2:42.0,Ja Morant,MEM,True,2-pointer,2,84-97,'DAL',trails
88,88,88,202102220DAL,19.6,8.6,4th quarter,1:37.0,Ja Morant,MEM,True,2-pointer,7,87-100,'DAL',trails
89,89,89,202102220DAL,1.2,6.9,4th quarter,1:04.0,Brandon Clarke,MEM,True,3-pointer,23,90-100,'DAL',trails
90,90,90,202102220DAL,5.0,18.9,4th quarter,0:47.0,Justise Winslow,MEM,False,3-pointer,25,90-102,'DAL',trails
91,91,91,202102220DAL,19.9,7.8,4th quarter,0:17.0,Ja Morant,MEM,False,2-pointer,6,90-102,'DAL',trails
92,92,92,202102220DAL,19.7,5.5,4th quarter,0:13.0,Brandon Clarke,MEM,False,2-pointer,5,90-102,'DAL',trails
93,93,93,202102220DAL,5.1,20.3,4th quarter,0:08.0,Ja Morant,MEM,False,3-pointer,25,90-102,'DAL',trails
94,94,94,202102220DAL,8.4,25.3,1st quarter,10:56.0,Josh Richardson,DAL,True,3-pointer,27,3-0,'DAL',leads
95,95,95,202102220DAL,24.2,4.4,1st quarter,9:53.0,Dwight Powell,DAL,False,2-pointer,1,5-2,'DAL',leads
96,96,96,202102220DAL,31.8,27.2,1st quarter,9:44.0,Dorian Finney-Smith,DAL,False,3-pointer,25,5-2,'DAL',leads
97,97,97,202102220DAL,28.3,28.3,1st quarter,9:25.0,Dwight Powell,DAL,False,3-pointer,25,5-2,'DAL',leads
98,98,98,202102220DAL,5.6,26.8,1st quarter,9:06.0,Luka Dončić,DAL,False,3-pointer,30,5-2,'DAL',leads
99,99,99,202102220DAL,26.2,26.4,1st quarter,8:41.0,Luka Dončić,DAL,False,2-pointer,23,5-2,'DAL',leads
100,100,100,202102220DAL,23.8,3.2,1st quarter,8:21.0,Josh Richardson,DAL,True,2-pointer,0,7-2,'DAL',leads
101,101,101,202102220DAL,26.3,29.8,1st quarter,7:10.0,Josh Richardson,DAL,True,3-pointer,27,10-2,'DAL',leads
102,102,102,202102220DAL,28.1,4.8,1st quarter,6:34.0,Dwight Powell,DAL,False,2-pointer,4,10-2,'DAL',leads
103,103,103,202102220DAL,24.7,29.2,1st quarter,5:58.0,Tim Hardaway,DAL,False,3-pointer,26,12-5,'DAL',leads
104,104,104,202102220DAL,31.6,27.3,1st quarter,5:33.0,Josh Richardson,DAL,True,3-pointer,25,15-5,'DAL',leads
105,105,105,202102220DAL,32.8,26.8,1st quarter,5:05.0,Dorian Finney-Smith,DAL,False,3-pointer,25,15-5,'DAL',leads
106,106,106,202102220DAL,24.2,8.8,1st quarter,4:37.0,Jalen Brunson,DAL,False,2-pointer,6,15-5,'DAL',leads
107,107,107,202102220DAL,32.3,27.7,1st quarter,4:16.0,Tim Hardaway,DAL,True,3-pointer,26,18-5,'DAL',leads
108,108,108,202102220DAL,19.3,5.7,1st quarter,3:40.0,Josh Richardson,DAL,False,2-pointer,5,18-5,'DAL',leads
109,109,109,202102220DAL,24.2,4.4,1st quarter,3:19.0,Tim Hardaway,DAL,True,2-pointer,1,20-5,'DAL',leads
110,110,110,202102220DAL,7.9,25.4,1st quarter,2:41.0,Jalen Brunson,DAL,False,3-pointer,27,20-7,'DAL',leads
111,111,111,202102220DAL,3.1,9.1,1st quarter,2:15.0,Maxi Kleber,DAL,False,2-pointer,22,20-7,'DAL',leads
112,112,112,202102220DAL,23.7,6.2,1st quarter,1:44.0,Willie Cauley-Stein,DAL,False,2-pointer,3,20-9,'DAL',leads
113,113,113,202102220DAL,1.2,9.5,1st quarter,1:27.0,Tim Hardaway,DAL,True,3-pointer,24,23-9,'DAL',leads
114,114,114,202102220DAL,23.7,8.3,1st quarter,0:33.0,Luka Dončić,DAL,True,2-pointer,5,26-11,'DAL',leads
115,115,115,202102220DAL,24.2,5.7,2nd quarter,11:49.0,Dwight Powell,DAL,False,2-pointer,2,26-13,'DAL',leads
116,116,116,202102220DAL,40.8,21.8,2nd quarter,11:23.0,Jalen Brunson,DAL,True,3-pointer,25,29-13,'DAL',leads
117,117,117,202102220DAL,30.1,7.5,2nd quarter,10:34.0,Jalen Brunson,DAL,True,2-pointer,7,31-15,'DAL',leads
118,118,118,202102220DAL,10.2,27.2,2nd quarter,10:04.0,Luka Dončić,DAL,False,3-pointer,28,31-17,'DAL',leads
119,119,119,202102220DAL,21.7,5.8,2nd quarter,9:45.0,Jalen Brunson,DAL,True,2-pointer,3,33-17,'DAL',leads
120,120,120,202102220DAL,42.0,19.8,2nd quarter,9:16.0,Trey Burke,DAL,False,3-pointer,24,33-19,'DAL',leads
121,121,121,202102220DAL,23.9,3.7,2nd quarter,8:57.0,Dwight Powell,DAL,True,2-pointer,0,35-19,'DAL',leads
122,122,122,202102220DAL,31.1,5.1,2nd quarter,8:23.0,Luka Dončić,DAL,True,2-pointer,7,37-21,'DAL',leads
123,123,123,202102220DAL,45.9,15.4,2nd quarter,7:12.0,Jalen Brunson,DAL,False,3-pointer,25,37-21,'DAL',leads
124,124,124,202102220DAL,8.4,3.4,2nd quarter,6:42.0,Luka Dončić,DAL,False,2-pointer,16,37-23,'DAL',leads
125,125,125,202102220DAL,42.9,20.0,2nd quarter,6:18.0,Jalen Brunson,DAL,True,3-pointer,25,40-23,'DAL',leads
126,126,126,202102220DAL,8.4,7.9,2nd quarter,5:44.0,Josh Richardson,DAL,False,2-pointer,16,40-23,'DAL',leads
127,127,127,202102220DAL,46.8,9.3,2nd quarter,5:27.0,Tim Hardaway,DAL,True,3-pointer,24,43-23,'DAL',leads
128,128,128,202102220DAL,23.2,3.8,2nd quarter,4:38.0,Tim Hardaway,DAL,True,2-pointer,1,45-25,'DAL',leads
129,129,129,202102220DAL,46.8,3.8,2nd quarter,4:19.0,Tim Hardaway,DAL,True,3-pointer,23,48-25,'DAL',leads
130,130,130,202102220DAL,37.8,24.9,2nd quarter,3:49.0,Josh Richardson,DAL,False,3-pointer,26,48-28,'DAL',leads
131,131,131,202102220DAL,10.5,28.3,2nd quarter,3:14.0,Tim Hardaway,DAL,True,3-pointer,28,51-30,'DAL',leads
132,132,132,202102220DAL,5.0,23.4,2nd quarter,2:38.0,Luka Dončić,DAL,True,3-pointer,28,54-32,'DAL',leads
133,133,133,202102220DAL,44.7,16.7,2nd quarter,2:09.0,Tim Hardaway,DAL,False,3-pointer,25,54-32,'DAL',leads
134,134,134,202102220DAL,21.8,31.3,2nd quarter,1:41.0,Luka Dončić,DAL,False,3-pointer,28,54-34,'DAL',leads
135,135,135,202102220DAL,22.5,29.0,2nd quarter,0:36.0,Dorian Finney-Smith,DAL,False,3-pointer,26,54-34,'DAL',leads
136,136,136,202102220DAL,4.2,21.6,2nd quarter,0:00.0,Luka Dončić,DAL,False,3-pointer,27,54-36,'DAL',leads
137,137,137,202102220DAL,22.7,3.3,3rd quarter,11:42.0,Dwight Powell,DAL,False,2-pointer,1,54-36,'DAL',leads
138,138,138,202102220DAL,25.0,3.8,3rd quarter,10:57.0,Luka Dončić,DAL,True,2-pointer,1,56-36,'DAL',leads
139,139,139,202102220DAL,22.2,10.5,3rd quarter,10:33.0,Luka Dončić,DAL,True,2-pointer,7,58-38,'DAL',leads
140,140,140,202102220DAL,23.8,3.3,3rd quarter,9:42.0,Dwight Powell,DAL,True,2-pointer,0,60-40,'DAL',leads
141,141,141,202102220DAL,16.3,6.2,3rd quarter,9:12.0,Luka Dončić,DAL,True,2-pointer,8,62-42,'DAL',leads
142,142,142,202102220DAL,7.4,21.3,3rd quarter,8:40.0,Dorian Finney-Smith,DAL,False,3-pointer,25,63-42,'DAL',leads
143,143,143,202102220DAL,33.0,26.3,3rd quarter,8:21.0,Josh Richardson,DAL,False,3-pointer,25,63-42,'DAL',leads
144,144,144,202102220DAL,19.7,18.6,3rd quarter,7:25.0,Josh Richardson,DAL,True,2-pointer,16,65-46,'DAL',leads
145,145,145,202102220DAL,28.3,13.3,3rd quarter,5:53.0,Jalen Brunson,DAL,True,2-pointer,11,69-50,'DAL',leads
146,146,146,202102220DAL,1.6,3.4,3rd quarter,5:19.0,Dorian Finney-Smith,DAL,False,3-pointer,22,69-53,'DAL',leads
147,147,147,202102220DAL,13.8,27.9,3rd quarter,4:56.0,Josh Richardson,DAL,False,3-pointer,27,69-53,'DAL',leads
148,148,148,202102220DAL,16.6,4.9,3rd quarter,4:27.0,Dorian Finney-Smith,DAL,False,2-pointer,8,69-53,'DAL',leads
149,149,149,202102220DAL,24.0,3.3,3rd quarter,4:23.0,Willie Cauley-Stein,DAL,False,2-pointer,0,69-53,'DAL',leads
150,150,150,202102220DAL,24.0,3.3,3rd quarter,4:21.0,Willie Cauley-Stein,DAL,True,2-pointer,0,71-53,'DAL',leads
151,151,151,202102220DAL,24.1,12.3,3rd quarter,2:53.0,Josh Richardson,DAL,True,2-pointer,9,77-55,'DAL',leads
152,152,152,202102220DAL,42.3,23.8,3rd quarter,2:30.0,Tim Hardaway,DAL,False,3-pointer,28,77-57,'DAL',leads
153,153,153,202102220DAL,26.3,7.7,3rd quarter,2:05.0,Jalen Brunson,DAL,True,2-pointer,5,79-57,'DAL',leads
154,154,154,202102220DAL,33.3,26.4,3rd quarter,1:35.0,Jalen Brunson,DAL,False,3-pointer,25,79-59,'DAL',leads
155,155,155,202102220DAL,16.7,9.1,3rd quarter,1:06.0,Luka Dončić,DAL,False,2-pointer,9,79-59,'DAL',leads
156,156,156,202102220DAL,23.3,2.4,3rd quarter,0:48.0,Jalen Brunson,DAL,True,2-pointer,1,81-59,'DAL',leads
157,157,157,202102220DAL,9.3,26.4,3rd quarter,0:12.0,Tim Hardaway,DAL,False,3-pointer,27,81-62,'DAL',leads
158,158,158,202102220DAL,27.3,10.3,4th quarter,10:45.0,Dorian Finney-Smith,DAL,True,2-pointer,8,83-62,'DAL',leads
159,159,159,202102220DAL,4.3,18.3,4th quarter,10:18.0,Luka Dončić,DAL,True,3-pointer,25,86-64,'DAL',leads
160,160,160,202102220DAL,21.7,29.3,4th quarter,9:46.0,Dorian Finney-Smith,DAL,False,3-pointer,26,86-67,'DAL',leads
161,161,161,202102220DAL,24.4,5.7,4th quarter,8:55.0,Dwight Powell,DAL,False,2-pointer,2,87-69,'DAL',leads
162,162,162,202102220DAL,36.7,29.5,4th quarter,8:29.0,Luka Dončić,DAL,True,3-pointer,29,90-71,'DAL',leads
163,163,163,202102220DAL,4.9,19.6,4th quarter,8:02.0,Luka Dončić,DAL,False,3-pointer,25,90-73,'DAL',leads
164,164,164,202102220DAL,15.2,26.8,4th quarter,7:41.0,Luka Dončić,DAL,False,3-pointer,25,90-73,'DAL',leads
165,165,165,202102220DAL,23.4,3.1,4th quarter,7:38.0,Dorian Finney-Smith,DAL,False,2-pointer,1,90-73,'DAL',leads
166,166,166,202102220DAL,24.0,3.3,4th quarter,7:37.0,Dorian Finney-Smith,DAL,True,2-pointer,0,92-73,'DAL',leads
167,167,167,202102220DAL,42.4,20.3,4th quarter,7:07.0,Josh Richardson,DAL,False,3-pointer,25,92-73,'DAL',leads
168,168,168,202102220DAL,15.1,8.6,4th quarter,6:30.0,Tim Hardaway,DAL,False,2-pointer,10,92-73,'DAL',leads
169,169,169,202102220DAL,0.7,3.4,4th quarter,6:11.0,Tim Hardaway,DAL,True,3-pointer,23,95-75,'DAL',leads
170,170,170,202102220DAL,31.7,23.6,4th quarter,4:24.0,Josh Richardson,DAL,False,2-pointer,22,96-79,'DAL',leads
171,171,171,202102220DAL,21.7,28.2,4th quarter,2:26.0,Tim Hardaway,DAL,True,3-pointer,25,100-84,'DAL',leads
172,172,172,202102220DAL,20.8,12.7,4th quarter,1:50.0,Josh Richardson,DAL,False,2-pointer,10,100-85,'DAL',leads
173,173,173,202102220DAL,3.9,17.3,4th quarter,1:16.0,Luka Dončić,DAL,False,3-pointer,24,100-87,'DAL',leads
174,174,174,202102220HOU,39.0,24.4,1st quarter,11:36.0,Zach LaVine,CHI,False,3-pointer,26,0-0,'HOU',tied
175,175,175,202102220HOU,28.5,25.8,1st quarter,11:11.0,Coby White,CHI,True,2-pointer,23,2-0,'HOU',leads
176,176,176,202102220HOU,23.5,2.8,1st quarter,10:40.0,Garrett Temple,CHI,False,2-pointer,1,2-3,'HOU',trails
177,177,177,202102220HOU,1.4,3.1,1st quarter,9:55.0,Patrick Williams,CHI,True,3-pointer,23,5-5,'HOU',tied
178,178,178,202102220HOU,5.2,20.8,1st quarter,9:17.0,Coby White,CHI,False,3-pointer,26,7-5,'HOU',leads
179,179,179,202102220HOU,22.1,15.4,1st quarter,8:51.0,Wendell Carter,CHI,True,2-pointer,12,9-5,'HOU',leads
180,180,180,202102220HOU,23.2,3.3,1st quarter,8:29.0,Wendell Carter,CHI,True,2-pointer,1,11-5,'HOU',leads
181,181,181,202102220HOU,1.4,5.5,1st quarter,7:54.0,Patrick Williams,CHI,False,3-pointer,23,11-7,'HOU',leads
182,182,182,202102220HOU,47.3,7.4,1st quarter,7:46.0,Coby White,CHI,True,3-pointer,24,14-7,'HOU',leads
183,183,183,202102220HOU,16.7,8.3,1st quarter,7:24.0,Coby White,CHI,True,2-pointer,9,16-7,'HOU',leads
184,184,184,202102220HOU,17.8,4.8,1st quarter,6:56.0,Wendell Carter,CHI,True,2-pointer,6,18-7,'HOU',leads
185,185,185,202102220HOU,21.8,3.4,1st quarter,6:21.0,Coby White,CHI,True,2-pointer,2,20-7,'HOU',leads
186,186,186,202102220HOU,21.8,3.8,1st quarter,5:57.0,Coby White,CHI,True,2-pointer,2,22-7,'HOU',leads
187,187,187,202102220HOU,18.4,11.0,1st quarter,4:37.0,Tomáš Satoranský,CHI,False,2-pointer,10,23-9,'HOU',leads
188,188,188,202102220HOU,24.2,4.6,1st quarter,4:18.0,Zach LaVine,CHI,False,2-pointer,1,23-9,'HOU',leads
189,189,189,202102220HOU,7.9,7.5,1st quarter,4:15.0,Zach LaVine,CHI,False,2-pointer,17,23-9,'HOU',leads
190,190,190,202102220HOU,23.8,5.1,1st quarter,3:23.0,Zach LaVine,CHI,False,2-pointer,2,23-12,'HOU',leads
191,191,191,202102220HOU,14.2,26.5,1st quarter,3:06.0,Denzel Valentine,CHI,False,3-pointer,25,23-14,'HOU',leads
192,192,192,202102220HOU,30.6,28.4,1st quarter,2:59.0,Denzel Valentine,CHI,True,3-pointer,26,26-14,'HOU',leads
193,193,193,202102220HOU,19.7,4.7,1st quarter,2:13.0,Thaddeus Young,CHI,True,2-pointer,4,28-16,'HOU',leads
194,194,194,202102220HOU,7.7,4.9,1st quarter,1:42.0,Coby White,CHI,False,2-pointer,16,28-19,'HOU',leads
195,195,195,202102220HOU,48.3,9.1,1st quarter,0:35.0,Coby White,CHI,False,3-pointer,25,29-21,'HOU',leads
196,196,196,202102220HOU,1.0,2.2,1st quarter,0:17.0,Tomáš Satoranský,CHI,False,3-pointer,23,29-24,'HOU',leads
197,197,197,202102220HOU,1.7,20.8,2nd quarter,11:15.0,Denzel Valentine,CHI,False,3-pointer,28,29-26,'HOU',leads
198,198,198,202102220HOU,25.6,9.3,2nd quarter,10:41.0,Thaddeus Young,CHI,False,2-pointer,6,29-26,'HOU',leads
199,199,199,202102220HOU,10.1,15.9,2nd quarter,10:33.0,Thaddeus Young,CHI,True,2-pointer,19,31-26,'HOU',leads
200,200,200,202102220HOU,47.8,6.0,2nd quarter,10:04.0,Tomáš Satoranský,CHI,False,3-pointer,24,31-26,'HOU',leads
201,201,201,202102220HOU,2.4,16.9,2nd quarter,9:57.0,Denzel Valentine,CHI,False,3-pointer,26,31-26,'HOU',leads
202,202,202,202102220HOU,27.8,25.8,2nd quarter,9:31.0,Coby White,CHI,False,2-pointer,23,31-29,'HOU',leads
203,203,203,202102220HOU,39.2,24.8,2nd quarter,8:35.0,Coby White,CHI,False,3-pointer,26,31-32,'HOU',trails
204,204,204,202102220HOU,24.1,8.3,2nd quarter,8:12.0,Wendell Carter,CHI,True,2-pointer,5,33-35,'HOU',trails
205,205,205,202102220HOU,37.6,11.8,2nd quarter,7:51.0,Patrick Williams,CHI,True,2-pointer,16,35-36,'HOU',trails
206,206,206,202102220HOU,15.5,26.8,2nd quarter,7:17.0,Zach LaVine,CHI,True,3-pointer,25,38-36,'HOU',leads
207,207,207,202102220HOU,17.2,16.5,2nd quarter,6:44.0,Wendell Carter,CHI,False,2-pointer,15,38-36,'HOU',leads
208,208,208,202102220HOU,5.0,21.0,2nd quarter,6:07.0,Ryan Arcidiacono,CHI,False,3-pointer,26,38-38,'HOU',tied
209,209,209,202102220HOU,23.7,5.8,2nd quarter,5:35.0,Wendell Carter,CHI,False,2-pointer,3,38-38,'HOU',tied
210,210,210,202102220HOU,24.0,3.3,2nd quarter,5:34.0,Wendell Carter,CHI,True,2-pointer,0,40-38,'HOU',leads
211,211,211,202102220HOU,21.8,26.2,2nd quarter,4:59.0,Zach LaVine,CHI,False,2-pointer,23,40-38,'HOU',leads
212,212,212,202102220HOU,25.9,3.2,2nd quarter,4:38.0,Patrick Williams,CHI,True,2-pointer,2,42-38,'HOU',leads
213,213,213,202102220HOU,36.6,26.2,2nd quarter,4:03.0,Patrick Williams,CHI,False,3-pointer,26,42-38,'HOU',leads
214,214,214,202102220HOU,23.3,3.9,2nd quarter,3:28.0,Garrett Temple,CHI,True,2-pointer,1,44-40,'HOU',leads
215,215,215,202102220HOU,34.2,19.5,2nd quarter,2:41.0,Patrick Williams,CHI,True,2-pointer,19,46-40,'HOU',leads
216,216,216,202102220HOU,19.7,14.7,2nd quarter,2:08.0,Zach LaVine,CHI,True,2-pointer,12,48-40,'HOU',leads
217,217,217,202102220HOU,25.3,12.7,2nd quarter,1:40.0,Wendell Carter,CHI,True,2-pointer,10,50-43,'HOU',leads
218,218,218,202102220HOU,24.7,5.7,2nd quarter,1:06.0,Thaddeus Young,CHI,True,2-pointer,3,52-45,'HOU',leads
219,219,219,202102220HOU,22.6,4.7,2nd quarter,0:45.0,Coby White,CHI,True,2-pointer,2,54-48,'HOU',leads
220,220,220,202102220HOU,24.3,4.2,3rd quarter,11:28.0,Coby White,CHI,False,2-pointer,1,54-48,'HOU',leads
221,221,221,202102220HOU,24.0,3.3,3rd quarter,11:27.0,Wendell Carter,CHI,False,2-pointer,0,54-48,'HOU',leads
222,222,222,202102220HOU,22.7,14.4,3rd quarter,10:47.0,Wendell Carter,CHI,True,2-pointer,11,56-50,'HOU',leads
223,223,223,202102220HOU,0.2,6.3,3rd quarter,10:23.0,Garrett Temple,CHI,False,3-pointer,24,56-51,'HOU',leads
224,224,224,202102220HOU,21.2,4.7,3rd quarter,10:03.0,Coby White,CHI,True,2-pointer,3,58-51,'HOU',leads
225,225,225,202102220HOU,46.5,6.7,3rd quarter,9:45.0,Zach LaVine,CHI,True,3-pointer,23,61-53,'HOU',leads
226,226,226,202102220HOU,37.4,25.1,3rd quarter,9:11.0,Zach LaVine,CHI,True,3-pointer,26,64-55,'HOU',leads
227,227,227,202102220HOU,21.7,3.9,3rd quarter,8:37.0,Zach LaVine,CHI,True,2-pointer,2,66-55,'HOU',leads
228,228,228,202102220HOU,21.0,4.8,3rd quarter,8:14.0,Zach LaVine,CHI,True,2-pointer,3,68-57,'HOU',leads
229,229,229,202102220HOU,22.0,5.5,3rd quarter,7:51.0,Thaddeus Young,CHI,True,2-pointer,3,71-57,'HOU',leads
230,230,230,202102220HOU,18.4,9.3,3rd quarter,7:20.0,Tomáš Satoranský,CHI,True,2-pointer,8,73-57,'HOU',leads
231,231,231,202102220HOU,15.8,26.8,3rd quarter,6:51.0,Zach LaVine,CHI,True,3-pointer,25,76-60,'HOU',leads
232,232,232,202102220HOU,13.7,27.2,3rd quarter,5:56.0,Garrett Temple,CHI,True,3-pointer,26,79-63,'HOU',leads
233,233,233,202102220HOU,22.6,5.7,3rd quarter,5:31.0,Thaddeus Young,CHI,True,2-pointer,3,81-63,'HOU',leads
234,234,234,202102220HOU,46.8,4.7,3rd quarter,5:05.0,Patrick Williams,CHI,True,3-pointer,23,84-65,'HOU',leads
235,235,235,202102220HOU,22.9,5.5,3rd quarter,4:39.0,Patrick Williams,CHI,True,2-pointer,3,86-65,'HOU',leads
236,236,236,202102220HOU,4.7,20.8,3rd quarter,4:00.0,Garrett Temple,CHI,False,3-pointer,26,86-65,'HOU',leads
237,237,237,202102220HOU,39.6,23.7,3rd quarter,3:25.0,Tomáš Satoranský,CHI,True,3-pointer,26,89-67,'HOU',leads
238,238,238,202102220HOU,23.7,5.8,3rd quarter,3:10.0,Tomáš Satoranský,CHI,False,2-pointer,3,89-67,'HOU',leads
239,239,239,202102220HOU,17.7,13.2,3rd quarter,2:48.0,Thaddeus Young,CHI,True,2-pointer,12,91-67,'HOU',leads
240,240,240,202102220HOU,25.0,4.3,3rd quarter,2:18.0,Thaddeus Young,CHI,True,2-pointer,1,93-67,'HOU',leads
241,241,241,202102220HOU,46.8,8.3,3rd quarter,1:54.0,Garrett Temple,CHI,True,3-pointer,23,96-67,'HOU',leads
242,242,242,202102220HOU,25.7,3.7,3rd quarter,1:14.0,Wendell Carter,CHI,True,2-pointer,2,98-67,'HOU',leads
243,243,243,202102220HOU,18.2,14.7,3rd quarter,0:41.0,Wendell Carter,CHI,False,2-pointer,13,98-69,'HOU',leads
244,244,244,202102220HOU,32.6,19.8,3rd quarter,0:04.0,Tomáš Satoranský,CHI,True,2-pointer,19,100-72,'HOU',leads
245,245,245,202102220HOU,38.5,23.3,4th quarter,11:37.0,Zach LaVine,CHI,False,3-pointer,25,100-74,'HOU',leads
246,246,246,202102220HOU,-0.3,5.8,4th quarter,10:48.0,Tomáš Satoranský,CHI,True,3-pointer,24,103-76,'HOU',leads
247,247,247,202102220HOU,18.7,28.4,4th quarter,9:02.0,Coby White,CHI,True,3-pointer,26,108-80,'HOU',leads
248,248,248,202102220HOU,22.0,14.7,4th quarter,8:00.0,Denzel Valentine,CHI,False,2-pointer,12,108-80,'HOU',leads
249,249,249,202102220HOU,31.9,27.2,4th quarter,7:56.0,Ryan Arcidiacono,CHI,False,3-pointer,25,108-80,'HOU',leads
250,250,250,202102220HOU,20.8,15.5,4th quarter,7:30.0,Wendell Carter,CHI,False,2-pointer,13,108-80,'HOU',leads
251,251,251,202102220HOU,0.9,15.2,4th quarter,7:05.0,Coby White,CHI,True,3-pointer,26,111-83,'HOU',leads
252,252,252,202102220HOU,17.4,30.0,4th quarter,6:32.0,Coby White,CHI,True,3-pointer,28,114-83,'HOU',leads
253,253,253,202102220HOU,42.4,22.9,4th quarter,5:56.0,Ryan Arcidiacono,CHI,False,3-pointer,27,114-86,'HOU',leads
254,254,254,202102220HOU,26.2,4.4,4th quarter,5:23.0,Wendell Carter,CHI,False,2-pointer,2,114-89,'HOU',leads
255,255,255,202102220HOU,35.1,27.5,4th quarter,4:34.0,Denzel Valentine,CHI,False,3-pointer,27,114-93,'HOU',leads
256,256,256,202102220HOU,24.2,9.3,4th quarter,4:10.0,Thaddeus Young,CHI,True,2-pointer,6,116-95,'HOU',leads
257,257,257,202102220HOU,21.6,4.7,4th quarter,3:41.0,Zach LaVine,CHI,False,2-pointer,3,116-95,'HOU',leads
258,258,258,202102220HOU,25.0,4.7,4th quarter,3:12.0,Tomáš Satoranský,CHI,False,2-pointer,2,116-95,'HOU',leads
259,259,259,202102220HOU,23.2,4.2,4th quarter,2:51.0,Denzel Valentine,CHI,True,2-pointer,1,118-95,'HOU',leads
260,260,260,202102220HOU,34.9,5.7,4th quarter,2:17.0,Garrett Temple,CHI,False,2-pointer,11,118-95,'HOU',leads
261,261,261,202102220HOU,2.6,23.6,4th quarter,1:48.0,Denzel Valentine,CHI,False,3-pointer,30,118-95,'HOU',leads
262,262,262,202102220HOU,27.3,14.7,4th quarter,1:28.0,Ryan Arcidiacono,CHI,True,2-pointer,12,120-95,'HOU',leads
263,263,263,202102220HOU,46.5,5.9,4th quarter,1:06.0,Denzel Valentine,CHI,False,3-pointer,23,120-98,'HOU',leads
264,264,264,202102220HOU,2.3,17.9,4th quarter,0:41.0,Ryan Arcidiacono,CHI,False,3-pointer,26,120-98,'HOU',leads
265,265,265,202102220HOU,23.3,29.8,1st quarter,11:19.0,Eric Gordon,HOU,False,3-pointer,27,0-0,'HOU',tied
266,266,266,202102220HOU,9.8,25.2,1st quarter,10:57.0,P.J. Tucker,HOU,False,3-pointer,26,0-2,'HOU',trails
267,267,267,202102220HOU,0.7,5.0,1st quarter,10:50.0,John Wall,HOU,True,3-pointer,23,3-2,'HOU',leads
268,268,268,202102220HOU,17.3,30.6,1st quarter,10:28.0,John Wall,HOU,False,3-pointer,28,3-2,'HOU',leads
269,269,269,202102220HOU,22.4,4.6,1st quarter,10:08.0,John Wall,HOU,True,2-pointer,2,5-2,'HOU',leads
270,270,270,202102220HOU,33.3,8.5,1st quarter,9:43.0,Eric Gordon,HOU,False,2-pointer,11,5-5,'HOU',tied
271,271,271,202102220HOU,40.9,4.1,1st quarter,9:22.0,John Wall,HOU,False,2-pointer,17,5-7,'HOU',trails
272,272,272,202102220HOU,47.1,4.7,1st quarter,9:04.0,P.J. Tucker,HOU,False,3-pointer,23,5-7,'HOU',trails
273,273,273,202102220HOU,22.8,31.3,1st quarter,9:00.0,Eric Gordon,HOU,False,3-pointer,28,5-7,'HOU',trails
274,274,274,202102220HOU,24.8,11.3,1st quarter,8:35.0,Eric Gordon,HOU,False,2-pointer,8,5-9,'HOU',trails
275,275,275,202102220HOU,24.8,4.9,1st quarter,8:15.0,John Wall,HOU,True,2-pointer,2,7-11,'HOU',trails
276,276,276,202102220HOU,23.6,18.4,1st quarter,7:33.0,John Wall,HOU,False,2-pointer,15,7-14,'HOU',trails
277,277,277,202102220HOU,17.4,27.8,1st quarter,7:11.0,Eric Gordon,HOU,False,3-pointer,25,7-16,'HOU',trails
278,278,278,202102220HOU,12.9,27.4,1st quarter,6:29.0,Eric Gordon,HOU,False,3-pointer,27,7-18,'HOU',trails
279,279,279,202102220HOU,46.8,8.1,1st quarter,6:03.0,Jae'Sean Tate,HOU,False,3-pointer,23,7-20,'HOU',trails
280,280,280,202102220HOU,23.7,7.8,1st quarter,5:42.0,John Wall,HOU,False,2-pointer,5,7-22,'HOU',trails
281,281,281,202102220HOU,22.0,4.4,1st quarter,4:49.0,Danuel House,HOU,False,2-pointer,2,9-23,'HOU',trails
282,282,282,202102220HOU,17.4,21.3,1st quarter,4:27.0,John Wall,HOU,False,2-pointer,19,9-23,'HOU',trails
283,283,283,202102220HOU,40.6,22.7,1st quarter,4:07.0,Danuel House,HOU,True,3-pointer,26,12-23,'HOU',trails
284,284,284,202102220HOU,29.0,3.9,1st quarter,3:36.0,Justin Patton,HOU,False,2-pointer,5,12-23,'HOU',trails
285,285,285,202102220HOU,21.5,4.8,1st quarter,2:38.0,Sterling Brown,HOU,True,2-pointer,3,16-26,'HOU',trails
286,286,286,202102220HOU,46.6,18.2,1st quarter,1:57.0,David Nwaba,HOU,True,3-pointer,27,19-28,'HOU',trails
287,287,287,202102220HOU,24.4,8.8,1st quarter,1:27.0,Sterling Brown,HOU,True,2-pointer,6,21-28,'HOU',trails
288,288,288,202102220HOU,39.1,23.3,1st quarter,0:52.0,David Nwaba,HOU,False,3-pointer,25,21-29,'HOU',trails
289,289,289,202102220HOU,24.3,3.8,1st quarter,0:29.0,Eric Gordon,HOU,True,2-pointer,1,23-29,'HOU',trails
290,290,290,202102220HOU,15.0,23.1,1st quarter,0:02.0,Sterling Brown,HOU,False,2-pointer,22,24-29,'HOU',trails
291,291,291,202102220HOU,23.7,7.7,2nd quarter,11:39.0,Justin Patton,HOU,True,2-pointer,4,26-29,'HOU',trails
292,292,292,202102220HOU,26.6,30.8,2nd quarter,11:06.0,Eric Gordon,HOU,False,3-pointer,28,26-29,'HOU',trails
293,293,293,202102220HOU,24.7,12.9,2nd quarter,10:59.0,David Nwaba,HOU,False,2-pointer,10,26-29,'HOU',trails
294,294,294,202102220HOU,47.1,7.5,2nd quarter,10:14.0,Justin Patton,HOU,False,3-pointer,23,26-31,'HOU',trails
295,295,295,202102220HOU,1.2,8.6,2nd quarter,9:47.0,Jae'Sean Tate,HOU,True,3-pointer,23,29-31,'HOU',trails
296,296,296,202102220HOU,25.2,10.8,2nd quarter,8:54.0,David Nwaba,HOU,True,2-pointer,8,32-31,'HOU',leads
297,297,297,202102220HOU,35.4,29.3,2nd quarter,8:28.0,Eric Gordon,HOU,True,3-pointer,28,35-31,'HOU',leads
298,298,298,202102220HOU,46.3,15.7,2nd quarter,6:54.0,David Nwaba,HOU,False,3-pointer,25,36-38,'HOU',trails
299,299,299,202102220HOU,24.1,8.3,2nd quarter,6:29.0,David Nwaba,HOU,False,2-pointer,5,36-38,'HOU',trails
300,300,300,202102220HOU,24.0,3.3,2nd quarter,6:27.0,David Nwaba,HOU,True,2-pointer,0,38-38,'HOU',tied
301,301,301,202102220HOU,1.2,15.2,2nd quarter,5:51.0,Ben McLemore,HOU,False,3-pointer,26,38-38,'HOU',tied
302,302,302,202102220HOU,15.9,28.0,2nd quarter,5:07.0,John Wall,HOU,False,3-pointer,26,38-40,'HOU',trails
303,303,303,202102220HOU,39.8,22.9,2nd quarter,4:16.0,Ben McLemore,HOU,False,3-pointer,25,38-42,'HOU',trails
304,304,304,202102220HOU,24.9,6.2,2nd quarter,3:53.0,John Wall,HOU,False,2-pointer,3,38-42,'HOU',trails
305,305,305,202102220HOU,23.2,8.0,2nd quarter,3:49.0,Jae'Sean Tate,HOU,True,2-pointer,5,40-42,'HOU',trails
306,306,306,202102220HOU,15.7,27.8,2nd quarter,3:02.0,Ben McLemore,HOU,False,3-pointer,26,40-44,'HOU',trails
307,307,307,202102220HOU,17.9,20.3,2nd quarter,2:22.0,John Wall,HOU,False,2-pointer,18,40-46,'HOU',trails
308,308,308,202102220HOU,9.0,25.2,2nd quarter,2:00.0,Danuel House,HOU,True,3-pointer,27,43-48,'HOU',trails
309,309,309,202102220HOU,27.8,6.3,2nd quarter,1:28.0,Eric Gordon,HOU,True,2-pointer,5,45-50,'HOU',trails
310,310,310,202102220HOU,0.5,11.5,2nd quarter,0:58.0,Danuel House,HOU,True,3-pointer,25,48-52,'HOU',trails
311,311,311,202102220HOU,25.3,4.8,2nd quarter,0:00.0,Danuel House,HOU,False,2-pointer,2,48-54,'HOU',trails
312,312,312,202102220HOU,34.2,8.4,3rd quarter,11:39.0,P.J. Tucker,HOU,False,2-pointer,11,48-54,'HOU',trails
313,313,313,202102220HOU,22.5,4.8,3rd quarter,11:39.0,Jae'Sean Tate,HOU,False,2-pointer,2,48-54,'HOU',trails
314,314,314,202102220HOU,23.0,8.0,3rd quarter,11:13.0,Danuel House,HOU,False,2-pointer,5,48-54,'HOU',trails
315,315,315,202102220HOU,24.0,3.3,3rd quarter,11:12.0,Danuel House,HOU,True,2-pointer,0,50-54,'HOU',trails
316,316,316,202102220HOU,22.6,32.3,3rd quarter,10:13.0,Eric Gordon,HOU,False,3-pointer,29,51-56,'HOU',trails
317,317,317,202102220HOU,25.3,4.1,3rd quarter,9:33.0,John Wall,HOU,True,2-pointer,2,55-61,'HOU',trails
318,318,318,202102220HOU,7.9,23.6,3rd quarter,8:55.0,Eric Gordon,HOU,False,3-pointer,26,55-64,'HOU',trails
319,319,319,202102220HOU,27.2,9.0,3rd quarter,8:27.0,Eric Gordon,HOU,True,2-pointer,7,57-66,'HOU',trails
320,320,320,202102220HOU,25.4,7.0,3rd quarter,8:00.0,Jae'Sean Tate,HOU,False,2-pointer,4,57-69,'HOU',trails
321,321,321,202102220HOU,41.1,24.8,3rd quarter,7:37.0,Eric Gordon,HOU,False,3-pointer,28,57-71,'HOU',trails
322,322,322,202102220HOU,1.5,14.9,3rd quarter,7:06.0,Jae'Sean Tate,HOU,True,3-pointer,25,60-73,'HOU',trails
323,323,323,202102220HOU,22.2,3.8,3rd quarter,6:34.0,Jae'Sean Tate,HOU,False,2-pointer,2,60-76,'HOU',trails
324,324,324,202102220HOU,4.5,19.6,3rd quarter,6:16.0,Danuel House,HOU,True,3-pointer,25,63-76,'HOU',trails
325,325,325,202102220HOU,24.4,6.5,3rd quarter,5:45.0,John Wall,HOU,False,2-pointer,3,63-79,'HOU',trails
326,326,326,202102220HOU,26.5,4.8,3rd quarter,5:22.0,David Nwaba,HOU,True,2-pointer,3,65-81,'HOU',trails
327,327,327,202102220HOU,24.7,15.3,3rd quarter,4:51.0,David Nwaba,HOU,False,2-pointer,12,65-84,'HOU',trails
328,328,328,202102220HOU,27.0,4.4,3rd quarter,4:16.0,John Wall,HOU,False,2-pointer,3,65-86,'HOU',trails
329,329,329,202102220HOU,30.7,9.3,3rd quarter,3:38.0,David Nwaba,HOU,True,2-pointer,9,67-86,'HOU',trails
330,330,330,202102220HOU,38.8,24.8,3rd quarter,3:04.0,Danuel House,HOU,False,3-pointer,26,67-89,'HOU',trails
331,331,331,202102220HOU,27.2,4.8,3rd quarter,2:24.0,Eric Gordon,HOU,False,2-pointer,4,67-91,'HOU',trails
332,332,332,202102220HOU,47.6,7.3,3rd quarter,2:03.0,Justin Patton,HOU,False,3-pointer,24,67-93,'HOU',trails
333,333,333,202102220HOU,22.8,5.3,3rd quarter,1:33.0,Sterling Brown,HOU,False,2-pointer,2,67-96,'HOU',trails
334,334,334,202102220HOU,25.6,4.6,3rd quarter,1:01.0,David Nwaba,HOU,True,2-pointer,2,69-98,'HOU',trails
335,335,335,202102220HOU,8.0,22.8,3rd quarter,0:24.0,Sterling Brown,HOU,True,3-pointer,25,72-98,'HOU',trails
336,336,336,202102220HOU,25.2,5.3,3rd quarter,0:00.0,Eric Gordon,HOU,True,2-pointer,2,74-100,'HOU',trails
337,337,337,202102220HOU,17.0,4.9,4th quarter,11:20.0,Justin Patton,HOU,False,2-pointer,7,74-100,'HOU',trails
338,338,338,202102220HOU,29.6,28.9,4th quarter,11:15.0,Jae'Sean Tate,HOU,False,3-pointer,26,74-100,'HOU',trails
339,339,339,202102220HOU,23.0,9.3,4th quarter,11:06.0,Jae'Sean Tate,HOU,True,2-pointer,6,76-100,'HOU',trails
340,340,340,202102220HOU,29.5,14.2,4th quarter,10:25.0,Sterling Brown,HOU,False,2-pointer,12,76-103,'HOU',trails
341,341,341,202102220HOU,16.7,29.3,4th quarter,10:02.0,Eric Gordon,HOU,False,3-pointer,27,76-103,'HOU',trails
342,342,342,202102220HOU,24.6,4.8,4th quarter,9:44.0,David Nwaba,HOU,True,2-pointer,2,78-103,'HOU',trails
343,343,343,202102220HOU,25.2,3.1,4th quarter,9:18.0,David Nwaba,HOU,True,2-pointer,1,80-105,'HOU',trails
344,344,344,202102220HOU,24.7,12.3,4th quarter,8:47.0,Eric Gordon,HOU,False,2-pointer,9,80-108,'HOU',trails
345,345,345,202102220HOU,40.8,22.3,4th quarter,7:43.0,Rodions Kurucs,HOU,False,3-pointer,25,80-108,'HOU',trails
346,346,346,202102220HOU,26.7,4.9,4th quarter,7:37.0,David Nwaba,HOU,False,2-pointer,3,80-108,'HOU',trails
347,347,347,202102220HOU,22.0,4.7,4th quarter,7:22.0,Mason Jones,HOU,True,2-pointer,2,82-108,'HOU',trails
348,348,348,202102220HOU,22.7,8.2,4th quarter,6:51.0,Jae'Sean Tate,HOU,False,2-pointer,5,83-111,'HOU',trails
349,349,349,202102220HOU,15.2,27.3,4th quarter,6:16.0,Sterling Brown,HOU,True,3-pointer,26,86-114,'HOU',trails
350,350,350,202102220HOU,1.2,3.3,4th quarter,5:44.0,Sterling Brown,HOU,True,3-pointer,23,89-114,'HOU',trails
351,351,351,202102220HOU,26.9,4.7,4th quarter,5:16.0,David Nwaba,HOU,True,2-pointer,3,91-114,'HOU',trails
352,352,352,202102220HOU,26.7,4.7,4th quarter,4:55.0,Mason Jones,HOU,False,2-pointer,3,91-114,'HOU',trails
353,353,353,202102220HOU,24.0,3.3,4th quarter,4:53.0,Jae'Sean Tate,HOU,True,2-pointer,0,93-114,'HOU',trails
354,354,354,202102220HOU,22.7,9.8,4th quarter,4:25.0,David Nwaba,HOU,False,2-pointer,7,93-114,'HOU',trails
355,355,355,202102220HOU,24.2,6.7,4th quarter,3:58.0,Mason Jones,HOU,False,2-pointer,3,95-116,'HOU',trails
356,356,356,202102220HOU,47.8,1.8,4th quarter,3:33.0,Ben McLemore,HOU,False,3-pointer,24,95-116,'HOU',trails
357,357,357,202102220HOU,10.5,24.4,4th quarter,2:04.0,Ben McLemore,HOU,False,3-pointer,25,95-118,'HOU',trails
358,358,358,202102220HOU,1.2,7.7,4th quarter,1:38.0,Rodions Kurucs,HOU,False,3-pointer,23,95-118,'HOU',trails
359,359,359,202102220HOU,2.0,15.7,4th quarter,1:19.0,Sterling Brown,HOU,True,3-pointer,25,98-120,'HOU',trails
360,360,360,202102220HOU,24.8,4.7,4th quarter,0:30.0,Justin Patton,HOU,True,2-pointer,2,100-120,'HOU',trails
361,361,361,202102220LAL,22.9,5.9,1st quarter,11:18.0,Moritz Wagner,WAS,True,2-pointer,3,2-0,'LAL',leads
362,362,362,202102220LAL,26.8,14.6,1st quarter,10:55.0,Bradley Beal,WAS,True,2-pointer,12,4-3,'LAL',leads
363,363,363,202102220LAL,23.8,5.2,1st quarter,10:18.0,Russell Westbrook,WAS,True,2-pointer,2,7-7,'LAL',tied
364,364,364,202102220LAL,10.8,11.1,1st quarter,8:34.0,Russell Westbrook,WAS,False,2-pointer,15,8-11,'LAL',trails
365,365,365,202102220LAL,23.7,5.4,1st quarter,8:23.0,Moritz Wagner,WAS,True,2-pointer,2,10-11,'LAL',trails
366,366,366,202102220LAL,21.6,5.7,1st quarter,7:39.0,Russell Westbrook,WAS,True,2-pointer,3,12-13,'LAL',trails
367,367,367,202102220LAL,21.4,3.8,1st quarter,7:16.0,Bradley Beal,WAS,False,2-pointer,3,12-13,'LAL',trails
368,368,368,202102220LAL,24.2,9.0,1st quarter,7:08.0,Moritz Wagner,WAS,False,2-pointer,6,12-13,'LAL',trails
369,369,369,202102220LAL,8.3,4.6,1st quarter,6:39.0,Bradley Beal,WAS,True,2-pointer,16,14-13,'LAL',leads
370,370,370,202102220LAL,23.3,4.7,1st quarter,6:09.0,Russell Westbrook,WAS,False,2-pointer,2,14-13,'LAL',leads
371,371,371,202102220LAL,27.3,2.6,1st quarter,5:54.0,Bradley Beal,WAS,True,2-pointer,3,16-15,'LAL',leads
372,372,372,202102220LAL,30.8,27.2,1st quarter,5:18.0,Raul Neto,WAS,False,3-pointer,25,16-18,'LAL',trails
373,373,373,202102220LAL,21.2,6.9,1st quarter,4:52.0,Rui Hachimura,WAS,False,2-pointer,5,16-18,'LAL',trails
374,374,374,202102220LAL,22.6,4.7,1st quarter,4:30.0,Bradley Beal,WAS,True,2-pointer,2,18-18,'LAL',tied
375,375,375,202102220LAL,5.7,20.3,1st quarter,3:41.0,Bradley Beal,WAS,True,3-pointer,25,21-23,'LAL',trails
376,376,376,202102220LAL,23.1,26.5,1st quarter,3:20.0,Bradley Beal,WAS,False,2-pointer,23,21-23,'LAL',trails
377,377,377,202102220LAL,23.4,5.3,1st quarter,3:02.0,Bradley Beal,WAS,False,2-pointer,2,21-23,'LAL',trails
378,378,378,202102220LAL,23.4,4.1,1st quarter,2:47.0,Raul Neto,WAS,False,2-pointer,1,21-23,'LAL',trails
379,379,379,202102220LAL,20.5,4.8,1st quarter,2:25.0,Russell Westbrook,WAS,False,2-pointer,4,21-25,'LAL',trails
380,380,380,202102220LAL,19.0,9.6,1st quarter,1:36.0,Russell Westbrook,WAS,True,2-pointer,8,23-27,'LAL',trails
381,381,381,202102220LAL,45.0,18.6,1st quarter,0:01.0,Dāvis Bertāns,WAS,False,3-pointer,26,23-33,'LAL',trails
382,382,382,202102220LAL,0.2,6.3,2nd quarter,11:38.0,Deni Avdija,WAS,False,3-pointer,24,23-33,'LAL',trails
383,383,383,202102220LAL,22.6,6.0,2nd quarter,11:23.0,Russell Westbrook,WAS,False,2-pointer,3,23-33,'LAL',trails
384,384,384,202102220LAL,23.3,4.7,2nd quarter,10:54.0,Raul Neto,WAS,False,2-pointer,2,23-35,'LAL',trails
385,385,385,202102220LAL,23.8,5.5,2nd quarter,10:24.0,Russell Westbrook,WAS,True,2-pointer,2,25-35,'LAL',trails
386,386,386,202102220LAL,23.0,20.4,2nd quarter,9:49.0,Bradley Beal,WAS,False,2-pointer,17,26-37,'LAL',trails
387,387,387,202102220LAL,27.3,7.4,2nd quarter,8:58.0,Deni Avdija,WAS,False,2-pointer,5,26-40,'LAL',trails
388,388,388,202102220LAL,22.0,3.4,2nd quarter,8:48.0,Robin Lopez,WAS,True,2-pointer,2,28-40,'LAL',trails
389,389,389,202102220LAL,24.9,6.7,2nd quarter,8:03.0,Russell Westbrook,WAS,False,2-pointer,4,28-43,'LAL',trails
390,390,390,202102220LAL,24.0,3.3,2nd quarter,8:02.0,Robin Lopez,WAS,True,2-pointer,0,30-43,'LAL',trails
391,391,391,202102220LAL,24.7,4.9,2nd quarter,7:45.0,Bradley Beal,WAS,True,2-pointer,2,32-43,'LAL',trails
392,392,392,202102220LAL,26.3,6.5,2nd quarter,7:03.0,Raul Neto,WAS,False,2-pointer,4,32-45,'LAL',trails
393,393,393,202102220LAL,28.6,10.1,2nd quarter,6:40.0,Rui Hachimura,WAS,True,2-pointer,8,34-45,'LAL',trails
394,394,394,202102220LAL,24.3,6.7,2nd quarter,4:37.0,Russell Westbrook,WAS,True,2-pointer,3,40-52,'LAL',trails
395,395,395,202102220LAL,22.6,5.0,2nd quarter,4:09.0,Rui Hachimura,WAS,True,2-pointer,2,42-52,'LAL',trails
396,396,396,202102220LAL,7.8,23.6,2nd quarter,3:36.0,Garrison Mathews,WAS,True,3-pointer,26,45-53,'LAL',trails
397,397,397,202102220LAL,1.3,12.2,2nd quarter,3:06.0,Garrison Mathews,WAS,False,3-pointer,24,45-53,'LAL',trails
398,398,398,202102220LAL,12.9,28.2,2nd quarter,2:10.0,Russell Westbrook,WAS,False,3-pointer,27,45-58,'LAL',trails
399,399,399,202102220LAL,22.8,6.0,2nd quarter,1:40.0,Moritz Wagner,WAS,False,2-pointer,3,45-58,'LAL',trails
400,400,400,202102220LAL,24.7,3.6,2nd quarter,1:26.0,Rui Hachimura,WAS,True,2-pointer,1,47-58,'LAL',trails
401,401,401,202102220LAL,24.5,9.5,2nd quarter,0:37.0,Russell Westbrook,WAS,False,2-pointer,6,48-61,'LAL',trails
402,402,402,202102220LAL,25.2,4.8,2nd quarter,0:01.0,Russell Westbrook,WAS,False,2-pointer,2,49-63,'LAL',trails
403,403,403,202102220LAL,23.8,4.7,3rd quarter,11:46.0,Bradley Beal,WAS,True,2-pointer,1,51-63,'LAL',trails
404,404,404,202102220LAL,23.5,5.7,3rd quarter,11:15.0,Russell Westbrook,WAS,True,2-pointer,2,53-65,'LAL',trails
405,405,405,202102220LAL,36.9,25.3,3rd quarter,10:31.0,Moritz Wagner,WAS,False,3-pointer,26,53-67,'LAL',trails
406,406,406,202102220LAL,10.0,28.7,3rd quarter,9:46.0,Garrison Mathews,WAS,False,3-pointer,29,53-67,'LAL',trails
407,407,407,202102220LAL,25.3,5.5,3rd quarter,9:34.0,Russell Westbrook,WAS,False,2-pointer,3,53-67,'LAL',trails
408,408,408,202102220LAL,20.2,14.2,3rd quarter,9:12.0,Bradley Beal,WAS,False,2-pointer,12,53-70,'LAL',trails
409,409,409,202102220LAL,7.1,24.6,3rd quarter,8:57.0,Garrison Mathews,WAS,True,3-pointer,27,56-70,'LAL',trails
410,410,410,202102220LAL,24.7,5.4,3rd quarter,7:55.0,Bradley Beal,WAS,False,2-pointer,2,56-70,'LAL',trails
411,411,411,202102220LAL,8.7,3.1,3rd quarter,7:44.0,Bradley Beal,WAS,True,2-pointer,15,58-70,'LAL',trails
412,412,412,202102220LAL,22.3,19.5,3rd quarter,7:12.0,Rui Hachimura,WAS,True,2-pointer,16,60-70,'LAL',trails
413,413,413,202102220LAL,23.9,5.5,3rd quarter,6:51.0,Russell Westbrook,WAS,False,2-pointer,2,60-70,'LAL',trails
414,414,414,202102220LAL,22.3,29.4,3rd quarter,6:22.0,Rui Hachimura,WAS,False,3-pointer,26,60-72,'LAL',trails
415,415,415,202102220LAL,22.5,6.8,3rd quarter,5:55.0,Robin Lopez,WAS,False,2-pointer,4,60-75,'LAL',trails
416,416,416,202102220LAL,6.4,23.9,3rd quarter,5:46.0,Bradley Beal,WAS,True,3-pointer,27,63-75,'LAL',trails
417,417,417,202102220LAL,41.1,23.6,3rd quarter,5:12.0,Bradley Beal,WAS,False,3-pointer,27,63-75,'LAL',trails
418,418,418,202102220LAL,24.3,4.2,3rd quarter,4:54.0,Robin Lopez,WAS,True,2-pointer,1,65-75,'LAL',trails
419,419,419,202102220LAL,22.6,4.4,3rd quarter,4:18.0,Raul Neto,WAS,True,2-pointer,2,67-75,'LAL',trails
420,420,420,202102220LAL,22.2,4.7,3rd quarter,3:42.0,Robin Lopez,WAS,True,2-pointer,2,69-77,'LAL',trails
421,421,421,202102220LAL,8.5,25.4,3rd quarter,3:13.0,Dāvis Bertāns,WAS,False,3-pointer,27,70-77,'LAL',trails
422,422,422,202102220LAL,23.7,3.9,3rd quarter,2:14.0,Robin Lopez,WAS,False,2-pointer,1,76-79,'LAL',trails
423,423,423,202102220LAL,23.9,10.8,3rd quarter,2:07.0,Robin Lopez,WAS,False,2-pointer,8,76-79,'LAL',trails
424,424,424,202102220LAL,32.8,19.6,3rd quarter,1:38.0,Russell Westbrook,WAS,True,2-pointer,19,78-82,'LAL',trails
425,425,425,202102220LAL,34.3,25.8,3rd quarter,1:18.0,Dāvis Bertāns,WAS,False,3-pointer,25,78-84,'LAL',trails
426,426,426,202102220LAL,8.2,26.9,3rd quarter,0:47.0,Dāvis Bertāns,WAS,False,3-pointer,28,78-84,'LAL',trails
427,427,427,202102220LAL,23.5,3.9,3rd quarter,0:33.0,Russell Westbrook,WAS,True,2-pointer,1,80-84,'LAL',trails
428,428,428,202102220LAL,9.2,9.6,3rd quarter,0:01.0,Russell Westbrook,WAS,False,2-pointer,16,80-86,'LAL',trails
429,429,429,202102220LAL,25.8,5.3,4th quarter,11:31.0,Russell Westbrook,WAS,True,2-pointer,3,82-86,'LAL',trails
430,430,430,202102220LAL,23.2,5.3,4th quarter,10:55.0,Robin Lopez,WAS,True,2-pointer,2,84-88,'LAL',trails
431,431,431,202102220LAL,0.3,6.0,4th quarter,10:31.0,Dāvis Bertāns,WAS,True,3-pointer,24,87-88,'LAL',trails
432,432,432,202102220LAL,5.3,21.5,4th quarter,10:06.0,Deni Avdija,WAS,True,3-pointer,26,90-88,'LAL',leads
433,433,433,202102220LAL,23.3,5.7,4th quarter,9:33.0,Raul Neto,WAS,False,2-pointer,3,90-90,'LAL',tied
434,434,434,202102220LAL,47.3,8.4,4th quarter,9:30.0,Dāvis Bertāns,WAS,False,3-pointer,24,90-90,'LAL',tied
435,435,435,202102220LAL,23.1,4.8,4th quarter,8:16.0,Russell Westbrook,WAS,True,2-pointer,2,92-92,'LAL',tied
436,436,436,202102220LAL,23.7,4.7,4th quarter,7:31.0,Deni Avdija,WAS,True,2-pointer,1,94-94,'LAL',tied
437,437,437,202102220LAL,23.9,4.9,4th quarter,6:46.0,Rui Hachimura,WAS,True,2-pointer,2,96-94,'LAL',leads
438,438,438,202102220LAL,8.5,23.4,4th quarter,6:20.0,Bradley Beal,WAS,False,3-pointer,25,97-94,'LAL',leads
439,439,439,202102220LAL,10.0,26.5,4th quarter,6:12.0,Raul Neto,WAS,False,3-pointer,27,97-94,'LAL',leads
440,440,440,202102220LAL,24.4,5.3,4th quarter,5:58.0,Bradley Beal,WAS,False,2-pointer,2,97-94,'LAL',leads
441,441,441,202102220LAL,23.3,4.3,4th quarter,5:53.0,Raul Neto,WAS,True,2-pointer,1,99-94,'LAL',leads
442,442,442,202102220LAL,37.7,7.7,4th quarter,5:26.0,Bradley Beal,WAS,False,2-pointer,14,99-94,'LAL',leads
443,443,443,202102220LAL,38.5,24.2,4th quarter,4:52.0,Dāvis Bertāns,WAS,True,3-pointer,25,102-94,'LAL',leads
444,444,444,202102220LAL,17.1,13.6,4th quarter,3:50.0,Bradley Beal,WAS,False,2-pointer,12,104-100,'LAL',leads
445,445,445,202102220LAL,3.4,4.0,4th quarter,3:34.0,Dāvis Bertāns,WAS,False,2-pointer,21,104-100,'LAL',leads
446,446,446,202102220LAL,1.4,5.2,4th quarter,2:35.0,Rui Hachimura,WAS,True,3-pointer,23,109-105,'LAL',leads
447,447,447,202102220LAL,46.5,15.1,4th quarter,0:51.0,Deni Avdija,WAS,True,3-pointer,25,114-111,'LAL',leads
448,448,448,202102220LAL,14.5,27.3,4th quarter,0:01.0,Bradley Beal,WAS,False,3-pointer,26,115-115,'LAL',tied
449,449,449,202102220LAL,31.3,21.3,1st overtime,4:28.0,Russell Westbrook,WAS,True,2-pointer,20,117-115,'LAL',leads
450,450,450,202102220LAL,23.9,5.5,1st overtime,3:27.0,Russell Westbrook,WAS,True,2-pointer,2,119-117,'LAL',leads
451,451,451,202102220LAL,30.7,17.5,1st overtime,2:57.0,Dāvis Bertāns,WAS,False,2-pointer,16,119-117,'LAL',leads
452,452,452,202102220LAL,32.2,16.2,1st overtime,2:30.0,Russell Westbrook,WAS,False,2-pointer,15,119-117,'LAL',leads
453,453,453,202102220LAL,22.7,12.3,1st overtime,1:59.0,Bradley Beal,WAS,True,2-pointer,9,121-117,'LAL',leads
454,454,454,202102220LAL,24.1,6.8,1st overtime,1:24.0,Bradley Beal,WAS,True,2-pointer,4,123-119,'LAL',leads
455,455,455,202102220LAL,23.2,8.0,1st overtime,0:42.0,Bradley Beal,WAS,True,2-pointer,5,125-121,'LAL',leads
456,456,456,202102220LAL,24.8,4.8,1st overtime,0:11.0,Russell Westbrook,WAS,True,2-pointer,2,127-124,'LAL',leads
457,457,457,202102220LAL,34.3,27.3,1st quarter,11:42.0,Wesley Matthews,LAL,False,3-pointer,26,0-0,'LAL',tied
458,458,458,202102220LAL,37.4,23.8,1st quarter,11:09.0,LeBron James,LAL,True,3-pointer,25,3-2,'LAL',leads
459,459,459,202102220LAL,46.2,17.3,1st quarter,10:44.0,LeBron James,LAL,False,3-pointer,26,3-4,'LAL',trails
460,460,460,202102220LAL,8.5,25.3,1st quarter,10:28.0,Marc Gasol,LAL,True,3-pointer,27,6-5,'LAL',leads
461,461,461,202102220LAL,23.9,5.1,1st quarter,9:41.0,LeBron James,LAL,True,2-pointer,2,9-7,'LAL',leads
462,462,462,202102220LAL,23.9,5.3,1st quarter,9:25.0,Kyle Kuzma,LAL,True,2-pointer,2,11-7,'LAL',leads
463,463,463,202102220LAL,5.8,21.3,1st quarter,8:54.0,Kentavious Caldwell-Pope,LAL,False,3-pointer,26,11-8,'LAL',leads
464,464,464,202102220LAL,22.1,20.6,1st quarter,8:02.0,LeBron James,LAL,True,2-pointer,17,13-10,'LAL',leads
465,465,465,202102220LAL,12.4,27.4,1st quarter,7:24.0,Kyle Kuzma,LAL,False,3-pointer,27,13-12,'LAL',leads
466,466,466,202102220LAL,42.3,23.9,1st quarter,7:02.0,Kentavious Caldwell-Pope,LAL,False,3-pointer,28,13-12,'LAL',leads
467,467,467,202102220LAL,23.9,4.3,1st quarter,6:57.0,Kentavious Caldwell-Pope,LAL,False,2-pointer,1,13-12,'LAL',leads
468,468,468,202102220LAL,24.0,3.3,1st quarter,6:53.0,Kentavious Caldwell-Pope,LAL,False,2-pointer,0,13-12,'LAL',leads
469,469,469,202102220LAL,23.5,5.8,1st quarter,6:03.0,Kentavious Caldwell-Pope,LAL,True,2-pointer,3,15-14,'LAL',leads
470,470,470,202102220LAL,17.9,29.4,1st quarter,5:37.0,Marc Gasol,LAL,False,3-pointer,27,15-16,'LAL',trails
471,471,471,202102220LAL,23.6,4.7,1st quarter,5:33.0,Kentavious Caldwell-Pope,LAL,True,2-pointer,1,17-16,'LAL',leads
472,472,472,202102220LAL,13.3,28.4,1st quarter,4:46.0,Marc Gasol,LAL,False,3-pointer,27,18-16,'LAL',leads
473,473,473,202102220LAL,36.3,24.6,1st quarter,4:19.0,Kyle Kuzma,LAL,True,3-pointer,25,21-18,'LAL',leads
474,474,474,202102220LAL,23.5,4.8,1st quarter,3:48.0,Alex Caruso,LAL,True,2-pointer,2,23-18,'LAL',leads
475,475,475,202102220LAL,17.1,14.9,1st quarter,3:29.0,Kyle Kuzma,LAL,False,2-pointer,14,23-21,'LAL',leads
476,476,476,202102220LAL,24.2,4.9,1st quarter,3:10.0,Kyle Kuzma,LAL,False,2-pointer,2,23-21,'LAL',leads
477,477,477,202102220LAL,22.2,4.3,1st quarter,2:11.0,Talen Horton-Tucker,LAL,True,2-pointer,2,27-21,'LAL',leads
478,478,478,202102220LAL,25.2,2.9,1st quarter,1:49.0,Montrezl Harrell,LAL,False,2-pointer,1,27-21,'LAL',leads
479,479,479,202102220LAL,22.7,5.3,1st quarter,1:25.0,Montrezl Harrell,LAL,False,2-pointer,2,27-23,'LAL',leads
480,480,480,202102220LAL,23.9,5.7,1st quarter,1:23.0,Montrezl Harrell,LAL,True,2-pointer,2,29-23,'LAL',leads
481,481,481,202102220LAL,24.3,4.1,1st quarter,1:05.0,Montrezl Harrell,LAL,True,2-pointer,1,31-23,'LAL',leads
482,482,482,202102220LAL,23.0,6.3,1st quarter,0:36.0,Montrezl Harrell,LAL,False,2-pointer,3,31-23,'LAL',leads
483,483,483,202102220LAL,19.2,6.5,1st quarter,0:22.0,Montrezl Harrell,LAL,True,2-pointer,6,33-23,'LAL',leads
484,484,484,202102220LAL,24.1,5.8,2nd quarter,11:27.0,LeBron James,LAL,False,2-pointer,3,33-23,'LAL',leads
485,485,485,202102220LAL,23.2,5.2,2nd quarter,11:12.0,Alex Caruso,LAL,True,2-pointer,2,35-23,'LAL',leads
486,486,486,202102220LAL,27.7,14.7,2nd quarter,10:01.0,LeBron James,LAL,True,2-pointer,12,37-26,'LAL',leads
487,487,487,202102220LAL,37.6,23.9,2nd quarter,9:33.0,LeBron James,LAL,False,3-pointer,25,37-26,'LAL',leads
488,488,488,202102220LAL,33.9,25.9,2nd quarter,9:13.0,Talen Horton-Tucker,LAL,True,3-pointer,25,40-26,'LAL',leads
489,489,489,202102220LAL,24.7,7.5,2nd quarter,8:36.0,Montrezl Harrell,LAL,False,2-pointer,4,40-28,'LAL',leads
490,490,490,202102220LAL,46.7,6.3,2nd quarter,8:27.0,Markieff Morris,LAL,True,3-pointer,23,43-28,'LAL',leads
491,491,491,202102220LAL,14.7,10.1,2nd quarter,7:53.0,Kentavious Caldwell-Pope,LAL,False,2-pointer,12,43-30,'LAL',leads
492,492,492,202102220LAL,23.5,5.7,2nd quarter,7:24.0,Montrezl Harrell,LAL,True,2-pointer,2,45-32,'LAL',leads
493,493,493,202102220LAL,46.8,9.3,2nd quarter,6:21.0,Kentavious Caldwell-Pope,LAL,True,3-pointer,24,48-34,'LAL',leads
494,494,494,202102220LAL,35.8,9.3,2nd quarter,5:54.0,Montrezl Harrell,LAL,True,2-pointer,13,50-34,'LAL',leads
495,495,495,202102220LAL,21.7,5.2,2nd quarter,5:21.0,Montrezl Harrell,LAL,True,2-pointer,3,52-36,'LAL',leads
496,496,496,202102220LAL,28.0,4.1,2nd quarter,4:50.0,Alex Caruso,LAL,False,2-pointer,4,52-38,'LAL',leads
497,497,497,202102220LAL,5.4,5.8,2nd quarter,4:47.0,Kyle Kuzma,LAL,False,2-pointer,19,52-38,'LAL',leads
498,498,498,202102220LAL,11.8,27.0,2nd quarter,4:17.0,Kyle Kuzma,LAL,False,3-pointer,27,52-40,'LAL',leads
499,499,499,202102220LAL,44.4,17.0,2nd quarter,2:56.0,Kyle Kuzma,LAL,True,3-pointer,25,56-45,'LAL',leads
500,500,500,202102220LAL,36.1,17.8,2nd quarter,2:23.0,LeBron James,LAL,True,2-pointer,19,58-45,'LAL',leads
501,501,501,202102220LAL,32.5,27.4,2nd quarter,1:48.0,Kyle Kuzma,LAL,False,3-pointer,26,58-45,'LAL',leads
502,502,502,202102220LAL,31.6,3.9,2nd quarter,1:32.0,LeBron James,LAL,False,2-pointer,8,58-45,'LAL',leads
503,503,503,202102220LAL,1.2,2.4,2nd quarter,1:15.0,Kyle Kuzma,LAL,True,3-pointer,23,61-47,'LAL',leads
504,504,504,202102220LAL,44.7,16.0,2nd quarter,0:46.0,Alex Caruso,LAL,False,3-pointer,24,61-48,'LAL',leads
505,505,505,202102220LAL,23.9,5.3,2nd quarter,0:33.0,LeBron James,LAL,True,2-pointer,2,63-48,'LAL',leads
506,506,506,202102220LAL,23.3,4.8,3rd quarter,11:34.0,Kentavious Caldwell-Pope,LAL,True,2-pointer,2,65-51,'LAL',leads
507,507,507,202102220LAL,36.9,16.7,3rd quarter,10:51.0,LeBron James,LAL,True,2-pointer,19,67-53,'LAL',leads
508,508,508,202102220LAL,15.9,16.3,3rd quarter,10:08.0,LeBron James,LAL,False,2-pointer,15,67-53,'LAL',leads
509,509,509,202102220LAL,37.7,23.3,3rd quarter,9:54.0,Marc Gasol,LAL,False,3-pointer,24,67-53,'LAL',leads
510,510,510,202102220LAL,29.1,29.8,3rd quarter,9:39.0,Kyle Kuzma,LAL,False,3-pointer,27,67-53,'LAL',leads
511,511,511,202102220LAL,7.8,25.2,3rd quarter,9:25.0,Kentavious Caldwell-Pope,LAL,True,3-pointer,27,70-53,'LAL',leads
512,512,512,202102220LAL,42.2,5.3,3rd quarter,8:30.0,LeBron James,LAL,False,2-pointer,18,70-56,'LAL',leads
513,513,513,202102220LAL,0.5,3.9,3rd quarter,8:07.0,Wesley Matthews,LAL,False,3-pointer,24,70-56,'LAL',leads
514,514,514,202102220LAL,1.3,12.2,3rd quarter,7:23.0,Kyle Kuzma,LAL,False,3-pointer,24,70-58,'LAL',leads
515,515,515,202102220LAL,34.7,21.6,3rd quarter,6:40.0,Kentavious Caldwell-Pope,LAL,True,2-pointer,21,72-60,'LAL',leads
516,516,516,202102220LAL,35.6,28.7,3rd quarter,6:09.0,LeBron James,LAL,True,3-pointer,28,75-60,'LAL',leads
517,517,517,202102220LAL,34.7,26.5,3rd quarter,5:04.0,LeBron James,LAL,False,3-pointer,26,75-63,'LAL',leads
518,518,518,202102220LAL,9.6,26.5,3rd quarter,4:28.0,Kentavious Caldwell-Pope,LAL,False,3-pointer,27,75-65,'LAL',leads
519,519,519,202102220LAL,11.3,5.0,3rd quarter,3:57.0,Montrezl Harrell,LAL,True,2-pointer,13,77-67,'LAL',leads
520,520,520,202102220LAL,10.1,8.3,3rd quarter,3:27.0,Montrezl Harrell,LAL,False,2-pointer,15,77-70,'LAL',leads
521,521,521,202102220LAL,39.0,13.3,3rd quarter,3:05.0,Markieff Morris,LAL,True,2-pointer,18,79-70,'LAL',leads
522,522,522,202102220LAL,23.1,4.6,3rd quarter,2:38.0,Talen Horton-Tucker,LAL,False,2-pointer,2,79-72,'LAL',leads
523,523,523,202102220LAL,25.4,7.2,3rd quarter,1:52.0,Montrezl Harrell,LAL,True,2-pointer,4,81-76,'LAL',leads
524,524,524,202102220LAL,22.4,5.5,3rd quarter,1:25.0,Markieff Morris,LAL,True,2-pointer,3,84-78,'LAL',leads
525,525,525,202102220LAL,40.9,23.2,3rd quarter,1:07.0,LeBron James,LAL,False,3-pointer,26,84-78,'LAL',leads
526,526,526,202102220LAL,22.0,21.8,3rd quarter,0:12.0,Alex Caruso,LAL,True,2-pointer,19,86-80,'LAL',leads
527,527,527,202102220LAL,21.3,5.8,4th quarter,11:39.0,Markieff Morris,LAL,False,2-pointer,4,86-80,'LAL',leads
528,528,528,202102220LAL,23.8,4.9,4th quarter,11:14.0,Montrezl Harrell,LAL,True,2-pointer,2,88-82,'LAL',leads
529,529,529,202102220LAL,24.4,6.2,4th quarter,9:55.0,Talen Horton-Tucker,LAL,True,2-pointer,3,90-90,'LAL',tied
530,530,530,202102220LAL,20.3,5.2,4th quarter,9:19.0,Montrezl Harrell,LAL,False,2-pointer,4,90-90,'LAL',tied
531,531,531,202102220LAL,24.0,3.3,4th quarter,9:15.0,Montrezl Harrell,LAL,True,2-pointer,0,92-90,'LAL',leads
532,532,532,202102220LAL,12.2,28.2,4th quarter,8:41.0,LeBron James,LAL,False,3-pointer,28,92-90,'LAL',leads
533,533,533,202102220LAL,47.2,4.9,4th quarter,8:23.0,Kentavious Caldwell-Pope,LAL,False,3-pointer,23,92-90,'LAL',leads
534,534,534,202102220LAL,46.5,6.2,4th quarter,7:53.0,Markieff Morris,LAL,False,3-pointer,23,92-92,'LAL',tied
535,535,535,202102220LAL,24.1,8.3,4th quarter,7:11.0,Montrezl Harrell,LAL,False,2-pointer,5,94-94,'LAL',tied
536,536,536,202102220LAL,47.2,5.7,4th quarter,6:50.0,Wesley Matthews,LAL,False,3-pointer,23,94-94,'LAL',tied
537,537,537,202102220LAL,22.8,4.7,4th quarter,6:28.0,LeBron James,LAL,False,2-pointer,2,94-97,'LAL',trails
538,538,538,202102220LAL,38.2,27.2,4th quarter,5:05.0,Alex Caruso,LAL,False,3-pointer,28,94-99,'LAL',trails
539,539,539,202102220LAL,9.5,25.1,4th quarter,4:38.0,Marc Gasol,LAL,True,3-pointer,26,97-102,'LAL',trails
540,540,540,202102220LAL,24.8,4.8,4th quarter,4:05.0,LeBron James,LAL,True,2-pointer,2,99-104,'LAL',trails
541,541,541,202102220LAL,25.0,6.5,4th quarter,3:43.0,Alex Caruso,LAL,False,2-pointer,3,100-104,'LAL',trails
542,542,542,202102220LAL,23.2,3.7,4th quarter,3:23.0,LeBron James,LAL,True,2-pointer,1,102-104,'LAL',trails
543,543,543,202102220LAL,37.4,23.8,4th quarter,2:49.0,Kyle Kuzma,LAL,True,3-pointer,25,105-106,'LAL',trails
544,544,544,202102220LAL,0.9,3.8,4th quarter,1:59.0,Alex Caruso,LAL,False,3-pointer,23,105-109,'LAL',trails
545,545,545,202102220LAL,0.5,4.6,4th quarter,1:53.0,Alex Caruso,LAL,True,3-pointer,24,108-109,'LAL',trails
546,546,546,202102220LAL,22.7,8.0,4th quarter,1:10.0,LeBron James,LAL,False,2-pointer,5,108-111,'LAL',trails
547,547,547,202102220LAL,33.1,29.8,4th quarter,1:08.0,Kentavious Caldwell-Pope,LAL,True,3-pointer,28,111-111,'LAL',tied
548,548,548,202102220LAL,13.2,29.0,4th quarter,0:30.0,LeBron James,LAL,False,3-pointer,28,111-114,'LAL',trails
549,549,549,202102220LAL,23.2,6.0,4th quarter,0:16.0,LeBron James,LAL,True,2-pointer,3,113-114,'LAL',trails
550,550,550,202102220LAL,21.6,6.3,4th quarter,0:09.0,LeBron James,LAL,True,2-pointer,4,115-115,'LAL',tied
551,551,551,202102220LAL,35.3,19.0,1st overtime,4:43.0,LeBron James,LAL,False,2-pointer,19,115-115,'LAL',tied
552,552,552,202102220LAL,24.0,3.3,1st overtime,4:36.0,Alex Caruso,LAL,False,2-pointer,0,115-115,'LAL',tied
553,553,553,202102220LAL,14.1,29.8,1st overtime,4:04.0,LeBron James,LAL,False,3-pointer,28,115-117,'LAL',trails
554,554,554,202102220LAL,24.8,21.3,1st overtime,3:49.0,LeBron James,LAL,True,2-pointer,18,117-117,'LAL',tied
555,555,555,202102220LAL,25.7,6.5,1st overtime,3:07.0,Kyle Kuzma,LAL,False,2-pointer,4,117-119,'LAL',trails
556,556,556,202102220LAL,25.2,28.5,1st overtime,2:43.0,Kyle Kuzma,LAL,False,3-pointer,25,117-119,'LAL',trails
557,557,557,202102220LAL,23.9,3.2,1st overtime,1:06.0,LeBron James,LAL,True,2-pointer,0,121-123,'LAL',trails
558,558,558,202102220LAL,10.4,24.8,1st overtime,0:36.0,Kentavious Caldwell-Pope,LAL,True,3-pointer,26,124-125,'LAL',trails
559,559,559,202102220LAL,43.8,34.2,1st overtime,0:06.0,LeBron James,LAL,False,3-pointer,37,124-127,'LAL',trails
560,560,560,202102220LAL,47.1,5.8,1st overtime,0:02.0,Kyle Kuzma,LAL,False,3-pointer,23,124-127,'LAL',trails
561,561,561,202102220OKC,16.0,33.3,1st quarter,11:17.0,Duncan Robinson,MIA,True,3-pointer,31,3-3,'MIA',tied
562,562,562,202102220OKC,0.6,3.1,1st quarter,10:57.0,Duncan Robinson,MIA,False,3-pointer,23,3-5,'MIA',trails
563,563,563,202102220OKC,13.7,26.3,1st quarter,10:24.0,Kelly Olynyk,MIA,False,3-pointer,25,3-7,'MIA',trails
564,564,564,202102220OKC,42.8,20.0,1st quarter,10:01.0,Kendrick Nunn,MIA,True,3-pointer,25,6-7,'MIA',trails
565,565,565,202102220OKC,5.1,19.3,1st quarter,9:32.0,Kelly Olynyk,MIA,False,3-pointer,25,6-7,'MIA',trails
566,566,566,202102220OKC,21.0,4.9,1st quarter,8:58.0,Kendrick Nunn,MIA,False,2-pointer,3,6-9,'MIA',trails
567,567,567,202102220OKC,22.8,23.1,1st quarter,8:51.0,Bam Adebayo,MIA,False,2-pointer,20,6-9,'MIA',trails
568,568,568,202102220OKC,12.2,25.4,1st quarter,8:23.0,Kendrick Nunn,MIA,True,3-pointer,25,9-12,'MIA',trails
569,569,569,202102220OKC,31.8,5.7,1st quarter,7:46.0,Jimmy Butler,MIA,False,2-pointer,8,9-12,'MIA',trails
570,570,570,202102220OKC,29.1,29.0,1st quarter,7:14.0,Kelly Olynyk,MIA,True,3-pointer,26,12-12,'MIA',tied
571,571,571,202102220OKC,24.2,4.3,1st quarter,6:25.0,Jimmy Butler,MIA,True,2-pointer,1,14-14,'MIA',tied
572,572,572,202102220OKC,23.1,5.1,1st quarter,5:51.0,Bam Adebayo,MIA,True,2-pointer,2,16-14,'MIA',leads
573,573,573,202102220OKC,23.2,3.9,1st quarter,5:23.0,Kelly Olynyk,MIA,True,2-pointer,1,18-14,'MIA',leads
574,574,574,202102220OKC,46.3,6.9,1st quarter,4:34.0,Kendrick Nunn,MIA,False,3-pointer,23,18-14,'MIA',leads
575,575,575,202102220OKC,46.8,1.5,1st quarter,4:19.0,Max Strus,MIA,True,3-pointer,23,21-14,'MIA',leads
576,576,576,202102220OKC,31.6,6.4,1st quarter,3:32.0,Jimmy Butler,MIA,False,2-pointer,8,21-14,'MIA',leads
577,577,577,202102220OKC,20.2,30.3,1st quarter,3:28.0,Max Strus,MIA,False,3-pointer,27,21-14,'MIA',leads
578,578,578,202102220OKC,1.5,4.2,1st quarter,2:58.0,Max Strus,MIA,False,3-pointer,23,21-16,'MIA',leads
579,579,579,202102220OKC,12.6,26.2,1st quarter,1:49.0,Kendrick Nunn,MIA,False,3-pointer,26,21-18,'MIA',leads
580,580,580,202102220OKC,41.3,24.6,1st quarter,0:47.0,Max Strus,MIA,False,3-pointer,27,21-18,'MIA',leads
581,581,581,202102220OKC,25.1,4.3,1st quarter,0:23.0,Bam Adebayo,MIA,True,2-pointer,2,23-21,'MIA',leads
582,582,582,202102220OKC,28.8,5.5,2nd quarter,11:43.0,Andre Iguodala,MIA,False,2-pointer,5,23-21,'MIA',leads
583,583,583,202102220OKC,46.0,4.8,2nd quarter,10:56.0,Max Strus,MIA,False,3-pointer,22,23-21,'MIA',leads
584,584,584,202102220OKC,26.7,3.9,2nd quarter,10:18.0,Gabe Vincent,MIA,True,2-pointer,3,25-24,'MIA',leads
585,585,585,202102220OKC,46.4,6.4,2nd quarter,9:47.0,Max Strus,MIA,False,3-pointer,23,25-26,'MIA',trails
586,586,586,202102220OKC,42.3,22.5,2nd quarter,9:08.0,Duncan Robinson,MIA,False,3-pointer,27,25-28,'MIA',trails
587,587,587,202102220OKC,24.7,4.1,2nd quarter,8:06.0,Bam Adebayo,MIA,True,2-pointer,1,28-30,'MIA',trails
588,588,588,202102220OKC,21.8,5.9,2nd quarter,7:46.0,Bam Adebayo,MIA,False,2-pointer,3,28-30,'MIA',trails
589,589,589,202102220OKC,38.8,23.6,2nd quarter,6:37.0,Andre Iguodala,MIA,False,3-pointer,25,30-34,'MIA',trails
590,590,590,202102220OKC,12.1,13.4,2nd quarter,6:25.0,Kendrick Nunn,MIA,False,2-pointer,16,30-34,'MIA',trails
591,591,591,202102220OKC,24.9,9.8,2nd quarter,5:49.0,Kelly Olynyk,MIA,False,2-pointer,7,30-34,'MIA',trails
592,592,592,202102220OKC,23.6,3.9,2nd quarter,5:27.0,Kendrick Nunn,MIA,True,2-pointer,1,32-34,'MIA',trails
593,593,593,202102220OKC,8.5,25.3,2nd quarter,4:33.0,Duncan Robinson,MIA,False,3-pointer,27,34-38,'MIA',trails
594,594,594,202102220OKC,32.1,7.8,2nd quarter,3:59.0,Jimmy Butler,MIA,False,2-pointer,9,34-40,'MIA',trails
595,595,595,202102220OKC,43.9,20.5,2nd quarter,3:33.0,Duncan Robinson,MIA,False,3-pointer,26,34-41,'MIA',trails
596,596,596,202102220OKC,36.3,18.8,2nd quarter,3:01.0,Jimmy Butler,MIA,False,2-pointer,20,36-41,'MIA',trails
597,597,597,202102220OKC,27.8,4.8,2nd quarter,2:17.0,Jimmy Butler,MIA,False,2-pointer,4,38-44,'MIA',trails
598,598,598,202102220OKC,24.4,5.1,2nd quarter,1:53.0,Bam Adebayo,MIA,True,2-pointer,2,40-44,'MIA',trails
599,599,599,202102220OKC,17.3,29.2,2nd quarter,1:17.0,Kendrick Nunn,MIA,False,3-pointer,27,40-46,'MIA',trails
600,600,600,202102220OKC,35.3,32.0,2nd quarter,0:43.0,Duncan Robinson,MIA,True,3-pointer,31,43-49,'MIA',trails
601,601,601,202102220OKC,22.0,3.2,3rd quarter,11:41.0,Kelly Olynyk,MIA,True,2-pointer,2,47-54,'MIA',trails
602,602,602,202102220OKC,25.2,14.1,3rd quarter,11:11.0,Bam Adebayo,MIA,False,2-pointer,11,47-54,'MIA',trails
603,603,603,202102220OKC,24.0,3.3,3rd quarter,11:06.0,Jimmy Butler,MIA,True,2-pointer,0,49-54,'MIA',trails
604,604,604,202102220OKC,22.4,3.2,3rd quarter,10:45.0,Kendrick Nunn,MIA,False,2-pointer,2,49-54,'MIA',trails
605,605,605,202102220OKC,1.0,7.8,3rd quarter,9:56.0,Duncan Robinson,MIA,True,3-pointer,23,52-57,'MIA',trails
606,606,606,202102220OKC,29.7,8.1,3rd quarter,9:30.0,Jimmy Butler,MIA,False,2-pointer,7,52-60,'MIA',trails
607,607,607,202102220OKC,23.8,15.3,3rd quarter,8:08.0,Kendrick Nunn,MIA,False,2-pointer,12,54-63,'MIA',trails
608,608,608,202102220OKC,23.7,3.2,3rd quarter,8:05.0,Bam Adebayo,MIA,True,2-pointer,0,56-63,'MIA',trails
609,609,609,202102220OKC,32.5,28.3,3rd quarter,7:24.0,Kendrick Nunn,MIA,False,3-pointer,26,56-63,'MIA',trails
610,610,610,202102220OKC,23.4,3.4,3rd quarter,7:12.0,Jimmy Butler,MIA,False,2-pointer,1,56-63,'MIA',trails
611,611,611,202102220OKC,2.3,16.9,3rd quarter,6:34.0,Kelly Olynyk,MIA,False,3-pointer,26,56-63,'MIA',trails
612,612,612,202102220OKC,22.8,4.2,3rd quarter,5:19.0,Kelly Olynyk,MIA,False,2-pointer,1,58-67,'MIA',trails
613,613,613,202102220OKC,40.5,23.7,3rd quarter,4:17.0,Max Strus,MIA,True,3-pointer,26,63-67,'MIA',trails
614,614,614,202102220OKC,24.4,3.4,3rd quarter,3:50.0,Kelly Olynyk,MIA,True,2-pointer,0,65-67,'MIA',trails
615,615,615,202102220OKC,24.1,3.9,3rd quarter,3:13.0,Jimmy Butler,MIA,True,2-pointer,1,67-70,'MIA',trails
616,616,616,202102220OKC,10.1,11.7,3rd quarter,2:47.0,Kendrick Nunn,MIA,True,2-pointer,16,70-70,'MIA',tied
617,617,617,202102220OKC,1.3,6.5,3rd quarter,2:15.0,Andre Iguodala,MIA,True,3-pointer,23,73-70,'MIA',leads
618,618,618,202102220OKC,23.3,3.8,3rd quarter,1:49.0,Precious Achiuwa,MIA,True,2-pointer,1,75-70,'MIA',leads
619,619,619,202102220OKC,27.8,6.7,3rd quarter,0:55.0,Jimmy Butler,MIA,False,2-pointer,5,75-72,'MIA',leads
620,620,620,202102220OKC,10.4,24.8,3rd quarter,0:51.0,Max Strus,MIA,True,3-pointer,26,78-72,'MIA',leads
621,621,621,202102220OKC,24.4,3.1,4th quarter,11:27.0,Bam Adebayo,MIA,True,2-pointer,0,81-77,'MIA',leads
622,622,622,202102220OKC,9.2,24.8,4th quarter,10:58.0,Duncan Robinson,MIA,True,3-pointer,26,84-77,'MIA',leads
623,623,623,202102220OKC,23.8,3.7,4th quarter,9:22.0,Max Strus,MIA,False,2-pointer,0,85-77,'MIA',leads
624,624,624,202102220OKC,25.2,29.0,4th quarter,8:45.0,Kendrick Nunn,MIA,False,3-pointer,26,85-77,'MIA',leads
625,625,625,202102220OKC,23.6,2.6,4th quarter,8:34.0,Bam Adebayo,MIA,True,2-pointer,1,87-77,'MIA',leads
626,626,626,202102220OKC,39.8,24.1,4th quarter,8:11.0,Duncan Robinson,MIA,False,3-pointer,26,87-77,'MIA',leads
627,627,627,202102220OKC,16.6,4.4,4th quarter,7:39.0,Duncan Robinson,MIA,True,2-pointer,8,89-77,'MIA',leads
628,628,628,202102220OKC,22.6,3.4,4th quarter,7:18.0,Kendrick Nunn,MIA,True,2-pointer,1,91-77,'MIA',leads
629,629,629,202102220OKC,46.8,6.5,4th quarter,6:51.0,Duncan Robinson,MIA,True,3-pointer,23,94-77,'MIA',leads
630,630,630,202102220OKC,22.7,28.0,4th quarter,5:59.0,Kendrick Nunn,MIA,True,3-pointer,25,97-79,'MIA',leads
631,631,631,202102220OKC,8.6,22.1,4th quarter,5:12.0,Max Strus,MIA,False,3-pointer,24,97-82,'MIA',leads
632,632,632,202102220OKC,41.4,20.3,4th quarter,4:53.0,Duncan Robinson,MIA,True,3-pointer,24,100-82,'MIA',leads
633,633,633,202102220OKC,0.5,3.8,4th quarter,4:03.0,Kendrick Nunn,MIA,False,3-pointer,24,100-85,'MIA',leads
634,634,634,202102220OKC,8.1,26.4,4th quarter,3:38.0,Duncan Robinson,MIA,False,3-pointer,28,100-85,'MIA',leads
635,635,635,202102220OKC,22.7,7.3,4th quarter,3:21.0,Kendrick Nunn,MIA,False,2-pointer,4,100-85,'MIA',leads
636,636,636,202102220OKC,30.1,3.4,4th quarter,2:39.0,Duncan Robinson,MIA,True,2-pointer,6,102-87,'MIA',leads
637,637,637,202102220OKC,38.3,27.9,4th quarter,2:05.0,Duncan Robinson,MIA,False,3-pointer,28,102-87,'MIA',leads
638,638,638,202102220OKC,22.0,4.7,4th quarter,1:37.0,Kendrick Nunn,MIA,True,2-pointer,2,104-87,'MIA',leads
639,639,639,202102220OKC,13.4,26.7,4th quarter,1:09.0,Max Strus,MIA,False,3-pointer,26,105-90,'MIA',leads
640,640,640,202102220OKC,6.5,21.3,4th quarter,0:57.0,Andre Iguodala,MIA,True,3-pointer,25,108-90,'MIA',leads
641,641,641,202102220OKC,25.9,28.7,4th quarter,0:22.0,Gabe Vincent,MIA,False,3-pointer,25,108-92,'MIA',leads
642,642,642,202102220OKC,7.0,21.1,1st quarter,11:43.0,Luguentz Dort,OKC,True,3-pointer,25,3-0,'MIA',leads
643,643,643,202102220OKC,24.8,2.8,1st quarter,11:04.0,Shai Gilgeous-Alexander,OKC,True,2-pointer,1,5-3,'MIA',leads
644,644,644,202102220OKC,22.7,3.7,1st quarter,10:36.0,Isaiah Roby,OKC,True,2-pointer,1,7-3,'MIA',leads
645,645,645,202102220OKC,23.8,4.1,1st quarter,9:17.0,Shai Gilgeous-Alexander,OKC,True,2-pointer,1,9-6,'MIA',leads
646,646,646,202102220OKC,1.6,1.3,1st quarter,8:37.0,Darius Bazley,OKC,True,3-pointer,23,12-6,'MIA',leads
647,647,647,202102220OKC,6.2,20.5,1st quarter,8:07.0,Luguentz Dort,OKC,False,3-pointer,25,12-9,'MIA',leads
648,648,648,202102220OKC,18.7,15.9,1st quarter,6:47.0,Shai Gilgeous-Alexander,OKC,True,2-pointer,14,14-12,'MIA',leads
649,649,649,202102220OKC,10.6,24.4,1st quarter,6:05.0,Darius Bazley,OKC,False,3-pointer,25,14-14,'MIA',tied
650,650,650,202102220OKC,21.6,4.3,1st quarter,3:51.0,Luguentz Dort,OKC,False,2-pointer,3,14-21,'MIA',trails
651,651,651,202102220OKC,25.3,2.8,1st quarter,3:18.0,Shai Gilgeous-Alexander,OKC,True,2-pointer,1,16-21,'MIA',trails
652,652,652,202102220OKC,46.6,3.4,1st quarter,2:32.0,Mike Muscala,OKC,False,3-pointer,23,16-21,'MIA',trails
653,653,653,202102220OKC,22.1,3.8,1st quarter,2:04.0,Shai Gilgeous-Alexander,OKC,True,2-pointer,2,18-21,'MIA',trails
654,654,654,202102220OKC,9.7,20.3,1st quarter,0:54.0,Justin Jackson,OKC,False,2-pointer,22,18-21,'MIA',trails
655,655,655,202102220OKC,1.7,1.7,1st quarter,0:40.0,Mike Muscala,OKC,True,3-pointer,22,21-21,'MIA',tied
656,656,656,202102220OKC,38.8,25.8,1st quarter,0:01.0,Shai Gilgeous-Alexander,OKC,False,3-pointer,27,21-23,'MIA',trails
657,657,657,202102220OKC,2.5,24.1,2nd quarter,11:20.0,Justin Jackson,OKC,False,3-pointer,30,21-23,'MIA',trails
658,658,658,202102220OKC,6.5,21.8,2nd quarter,10:31.0,Théo Maledon,OKC,True,3-pointer,25,24-23,'MIA',leads
659,659,659,202102220OKC,23.6,4.1,2nd quarter,10:05.0,Justin Jackson,OKC,True,2-pointer,1,26-25,'MIA',leads
660,660,660,202102220OKC,29.8,11.3,2nd quarter,9:22.0,Théo Maledon,OKC,True,2-pointer,10,28-25,'MIA',leads
661,661,661,202102220OKC,1.2,2.8,2nd quarter,8:48.0,Mike Muscala,OKC,False,3-pointer,23,28-25,'MIA',leads
662,662,662,202102220OKC,23.2,3.4,2nd quarter,8:23.0,Justin Jackson,OKC,True,2-pointer,1,30-26,'MIA',leads
663,663,663,202102220OKC,22.0,2.9,2nd quarter,7:56.0,Hamidou Diallo,OKC,False,2-pointer,2,30-28,'MIA',leads
664,664,664,202102220OKC,24.9,3.7,2nd quarter,7:17.0,Justin Jackson,OKC,False,2-pointer,1,32-30,'MIA',leads
665,665,665,202102220OKC,25.7,4.7,2nd quarter,7:00.0,Kenrich Williams,OKC,True,2-pointer,2,34-30,'MIA',leads
666,666,666,202102220OKC,1.2,1.0,2nd quarter,6:13.0,Justin Jackson,OKC,False,3-pointer,23,34-30,'MIA',leads
667,667,667,202102220OKC,46.5,5.3,2nd quarter,5:35.0,Luguentz Dort,OKC,False,3-pointer,23,34-30,'MIA',leads
668,668,668,202102220OKC,5.9,21.6,2nd quarter,5:19.0,Kenrich Williams,OKC,True,3-pointer,26,37-32,'MIA',leads
669,669,669,202102220OKC,4.9,19.3,2nd quarter,4:17.0,Luguentz Dort,OKC,False,3-pointer,25,38-34,'MIA',leads
670,670,670,202102220OKC,19.2,4.7,2nd quarter,3:14.0,Luguentz Dort,OKC,False,2-pointer,5,41-36,'MIA',leads
671,671,671,202102220OKC,0.7,2.6,2nd quarter,2:09.0,Darius Bazley,OKC,False,3-pointer,23,44-38,'MIA',leads
672,672,672,202102220OKC,1.0,8.0,2nd quarter,2:04.0,Darius Bazley,OKC,False,3-pointer,23,44-38,'MIA',leads
673,673,673,202102220OKC,23.2,7.2,2nd quarter,1:30.0,Luguentz Dort,OKC,True,2-pointer,4,46-40,'MIA',leads
674,674,674,202102220OKC,31.3,26.7,2nd quarter,1:09.0,Shai Gilgeous-Alexander,OKC,True,3-pointer,25,49-40,'MIA',leads
675,675,675,202102220OKC,24.8,4.2,2nd quarter,0:31.0,Darius Bazley,OKC,True,2-pointer,1,51-43,'MIA',leads
676,676,676,202102220OKC,48.3,4.8,2nd quarter,0:02.0,Théo Maledon,OKC,True,3-pointer,24,54-45,'MIA',leads
677,677,677,202102220OKC,7.2,22.9,3rd quarter,10:58.0,Théo Maledon,OKC,False,3-pointer,26,54-49,'MIA',leads
678,678,678,202102220OKC,46.5,2.4,3rd quarter,10:23.0,Isaiah Roby,OKC,True,3-pointer,23,57-49,'MIA',leads
679,679,679,202102220OKC,41.3,22.1,3rd quarter,9:20.0,Darius Bazley,OKC,False,3-pointer,26,60-52,'MIA',leads
680,680,680,202102220OKC,22.6,4.3,3rd quarter,9:04.0,Shai Gilgeous-Alexander,OKC,False,2-pointer,2,60-52,'MIA',leads
681,681,681,202102220OKC,7.7,23.1,3rd quarter,8:24.0,Isaiah Roby,OKC,True,3-pointer,26,63-54,'MIA',leads
682,682,682,202102220OKC,23.5,4.6,3rd quarter,7:39.0,Shai Gilgeous-Alexander,OKC,False,2-pointer,1,63-56,'MIA',leads
683,683,683,202102220OKC,24.1,28.7,3rd quarter,6:55.0,Théo Maledon,OKC,False,3-pointer,25,63-56,'MIA',leads
684,684,684,202102220OKC,23.0,4.8,3rd quarter,6:13.0,Shai Gilgeous-Alexander,OKC,True,2-pointer,2,65-56,'MIA',leads
685,685,685,202102220OKC,19.3,9.0,3rd quarter,5:50.0,Luguentz Dort,OKC,False,2-pointer,7,65-58,'MIA',leads
686,686,686,202102220OKC,23.3,4.2,3rd quarter,5:33.0,Luguentz Dort,OKC,True,2-pointer,1,67-58,'MIA',leads
687,687,687,202102220OKC,44.2,18.2,3rd quarter,4:51.0,Luguentz Dort,OKC,False,3-pointer,25,67-60,'MIA',leads
688,688,688,202102220OKC,20.0,11.8,3rd quarter,4:26.0,Shai Gilgeous-Alexander,OKC,False,2-pointer,9,67-60,'MIA',leads
689,689,689,202102220OKC,24.9,4.4,3rd quarter,4:02.0,Shai Gilgeous-Alexander,OKC,False,2-pointer,1,67-63,'MIA',leads
690,690,690,202102220OKC,23.7,29.7,3rd quarter,3:24.0,Mike Muscala,OKC,True,3-pointer,26,70-65,'MIA',leads
691,691,691,202102220OKC,1.2,4.2,3rd quarter,2:58.0,Kenrich Williams,OKC,False,3-pointer,23,70-68,'MIA',leads
692,692,692,202102220OKC,15.2,30.3,3rd quarter,1:28.0,Justin Jackson,OKC,False,3-pointer,28,70-75,'MIA',trails
693,693,693,202102220OKC,33.3,28.3,3rd quarter,0:31.0,Shai Gilgeous-Alexander,OKC,True,3-pointer,27,75-79,'MIA',trails
694,694,694,202102220OKC,23.8,4.2,3rd quarter,0:00.0,Shai Gilgeous-Alexander,OKC,True,2-pointer,1,77-79,'MIA',trails
695,695,695,202102220OKC,20.5,29.8,4th quarter,11:10.0,Mike Muscala,OKC,False,3-pointer,27,77-81,'MIA',trails
696,696,696,202102220OKC,24.2,5.7,4th quarter,11:05.0,Kenrich Williams,OKC,False,2-pointer,2,77-81,'MIA',trails
697,697,697,202102220OKC,1.5,2.3,4th quarter,10:31.0,Mike Muscala,OKC,False,3-pointer,23,77-84,'MIA',trails
698,698,698,202102220OKC,27.9,4.1,4th quarter,9:53.0,Mike Muscala,OKC,False,2-pointer,4,77-85,'MIA',trails
699,699,699,202102220OKC,6.8,21.8,4th quarter,9:48.0,Kenrich Williams,OKC,False,3-pointer,25,77-85,'MIA',trails
700,700,700,202102220OKC,23.5,6.4,4th quarter,9:28.0,Justin Jackson,OKC,False,2-pointer,3,77-85,'MIA',trails
701,701,701,202102220OKC,28.1,30.3,4th quarter,9:02.0,Théo Maledon,OKC,False,3-pointer,27,77-85,'MIA',trails
702,702,702,202102220OKC,18.1,18.2,4th quarter,8:03.0,Kenrich Williams,OKC,False,2-pointer,16,77-87,'MIA',trails
703,703,703,202102220OKC,6.3,20.8,4th quarter,7:31.0,Luguentz Dort,OKC,False,3-pointer,25,77-89,'MIA',trails
704,704,704,202102220OKC,23.1,15.4,4th quarter,7:01.0,Luguentz Dort,OKC,False,2-pointer,12,77-91,'MIA',trails
705,705,705,202102220OKC,25.8,3.6,4th quarter,6:22.0,Darius Bazley,OKC,True,2-pointer,2,79-94,'MIA',trails
706,706,706,202102220OKC,41.3,23.1,4th quarter,5:40.0,Mike Muscala,OKC,True,3-pointer,26,82-97,'MIA',trails
707,707,707,202102220OKC,1.4,6.4,4th quarter,4:27.0,Darius Bazley,OKC,True,3-pointer,23,85-100,'MIA',trails
708,708,708,202102220OKC,1.5,2.4,4th quarter,3:53.0,Luguentz Dort,OKC,False,3-pointer,23,85-100,'MIA',trails
709,709,709,202102220OKC,25.6,4.4,4th quarter,3:00.0,Shai Gilgeous-Alexander,OKC,True,2-pointer,2,87-100,'MIA',trails
710,710,710,202102220OKC,6.8,23.3,4th quarter,2:22.0,Théo Maledon,OKC,False,3-pointer,26,87-102,'MIA',trails
711,711,711,202102220OKC,17.7,7.8,4th quarter,1:53.0,Luguentz Dort,OKC,False,2-pointer,8,87-102,'MIA',trails
712,712,712,202102220OKC,24.0,3.3,4th quarter,1:49.0,Isaiah Roby,OKC,False,2-pointer,0,87-102,'MIA',trails
713,713,713,202102220OKC,14.9,32.0,4th quarter,1:27.0,Darius Bazley,OKC,True,3-pointer,30,90-105,'MIA',trails
714,714,714,202102220OKC,19.6,30.1,4th quarter,0:41.0,Luguentz Dort,OKC,False,3-pointer,27,90-108,'MIA',trails
715,715,715,202102220OKC,24.9,4.6,4th quarter,0:05.0,Isaiah Roby,OKC,True,2-pointer,2,94-108,'MIA',trails
716,716,716,202102220PHO,11.1,25.8,1st quarter,11:29.0,Damian Lillard,POR,False,3-pointer,26,0-2,'POR',trails
717,717,717,202102220PHO,9.5,23.4,1st quarter,11:13.0,Gary Trent,POR,False,3-pointer,25,0-2,'POR',trails
718,718,718,202102220PHO,21.8,4.1,1st quarter,9:43.0,Damian Lillard,POR,True,2-pointer,2,2-4,'POR',trails
719,719,719,202102220PHO,29.1,3.6,1st quarter,9:04.0,Enes Freedom,POR,False,2-pointer,5,2-6,'POR',trails
720,720,720,202102220PHO,12.0,25.7,1st quarter,8:24.0,Damian Lillard,POR,False,3-pointer,25,2-9,'POR',trails
721,721,721,202102220PHO,1.8,15.8,1st quarter,8:13.0,Damian Lillard,POR,True,3-pointer,25,5-9,'POR',trails
722,722,722,202102220PHO,16.4,19.3,1st quarter,7:52.0,Gary Trent,POR,False,2-pointer,18,5-9,'POR',trails
723,723,723,202102220PHO,22.2,3.4,1st quarter,7:45.0,Enes Freedom,POR,True,2-pointer,2,7-9,'POR',trails
724,724,724,202102220PHO,13.2,26.3,1st quarter,7:06.0,Gary Trent,POR,True,3-pointer,25,10-11,'POR',trails
725,725,725,202102220PHO,23.2,5.2,1st quarter,6:37.0,Damian Lillard,POR,False,2-pointer,2,10-11,'POR',trails
726,726,726,202102220PHO,23.6,6.4,1st quarter,6:06.0,Enes Freedom,POR,False,2-pointer,3,10-13,'POR',trails
727,727,727,202102220PHO,28.3,18.8,1st quarter,5:11.0,Carmelo Anthony,POR,True,2-pointer,16,14-17,'POR',trails
728,728,728,202102220PHO,40.1,10.8,1st quarter,4:20.0,Carmelo Anthony,POR,True,2-pointer,18,16-20,'POR',trails
729,729,729,202102220PHO,35.3,29.8,1st quarter,3:45.0,Robert Covington,POR,True,3-pointer,29,19-22,'POR',trails
730,730,730,202102220PHO,24.1,5.5,1st quarter,3:09.0,Damian Lillard,POR,True,2-pointer,2,21-22,'POR',trails
731,731,731,202102220PHO,21.2,3.9,1st quarter,2:05.0,Damian Lillard,POR,True,2-pointer,3,23-26,'POR',trails
732,732,732,202102220PHO,42.2,6.3,1st quarter,0:44.0,Carmelo Anthony,POR,True,2-pointer,18,26-28,'POR',trails
733,733,733,202102220PHO,11.1,25.2,1st quarter,0:29.0,Damian Lillard,POR,False,3-pointer,25,26-30,'POR',trails
734,734,734,202102220PHO,28.3,12.1,1st quarter,0:04.0,Carmelo Anthony,POR,False,2-pointer,10,26-32,'POR',trails
735,735,735,202102220PHO,24.1,6.7,2nd quarter,11:35.0,Rodney Hood,POR,True,2-pointer,3,28-32,'POR',trails
736,736,736,202102220PHO,41.7,22.2,2nd quarter,10:36.0,Rodney Hood,POR,True,3-pointer,26,31-32,'POR',trails
737,737,737,202102220PHO,23.7,4.1,2nd quarter,9:57.0,Rodney Hood,POR,True,2-pointer,1,33-32,'POR',leads
738,738,738,202102220PHO,17.9,27.9,2nd quarter,8:37.0,Anfernee Simons,POR,False,3-pointer,25,35-37,'POR',trails
739,739,739,202102220PHO,24.0,3.3,2nd quarter,8:29.0,Enes Freedom,POR,True,2-pointer,0,37-37,'POR',tied
740,740,740,202102220PHO,37.9,29.8,2nd quarter,8:02.0,Anfernee Simons,POR,False,3-pointer,30,37-39,'POR',trails
741,741,741,202102220PHO,25.8,29.6,2nd quarter,7:33.0,Gary Trent,POR,True,3-pointer,26,40-39,'POR',leads
742,742,742,202102220PHO,18.5,27.8,2nd quarter,7:04.0,Gary Trent,POR,False,3-pointer,25,40-41,'POR',trails
743,743,743,202102220PHO,18.2,27.7,2nd quarter,6:31.0,Gary Trent,POR,False,3-pointer,25,40-43,'POR',trails
744,744,744,202102220PHO,16.1,19.8,2nd quarter,6:10.0,Rodney Hood,POR,True,2-pointer,18,42-43,'POR',trails
745,745,745,202102220PHO,13.2,5.4,2nd quarter,5:29.0,Carmelo Anthony,POR,False,2-pointer,11,42-43,'POR',trails
746,746,746,202102220PHO,21.3,8.5,2nd quarter,4:47.0,Rodney Hood,POR,False,2-pointer,6,42-45,'POR',trails
747,747,747,202102220PHO,0.7,15.9,2nd quarter,4:20.0,Anfernee Simons,POR,False,3-pointer,27,42-48,'POR',trails
748,748,748,202102220PHO,25.5,4.3,2nd quarter,3:37.0,Enes Freedom,POR,True,2-pointer,2,44-48,'POR',trails
749,749,749,202102220PHO,26.2,5.4,2nd quarter,3:14.0,Derrick Jones,POR,True,2-pointer,3,46-48,'POR',trails
750,750,750,202102220PHO,22.1,3.9,2nd quarter,2:42.0,Damian Lillard,POR,True,2-pointer,2,48-51,'POR',trails
751,751,751,202102220PHO,24.7,3.3,2nd quarter,2:07.0,Derrick Jones,POR,True,2-pointer,1,50-54,'POR',trails
752,752,752,202102220PHO,25.0,3.8,2nd quarter,1:35.0,Derrick Jones,POR,True,2-pointer,1,52-56,'POR',trails
753,753,753,202102220PHO,31.2,27.7,2nd quarter,0:53.0,Gary Trent,POR,False,3-pointer,25,52-58,'POR',trails
754,754,754,202102220PHO,42.6,8.3,2nd quarter,0:21.0,Damian Lillard,POR,True,2-pointer,19,54-61,'POR',trails
755,755,755,202102220PHO,10.2,27.2,3rd quarter,11:39.0,Damian Lillard,POR,False,3-pointer,28,54-63,'POR',trails
756,756,756,202102220PHO,22.3,4.8,3rd quarter,10:57.0,Damian Lillard,POR,True,2-pointer,2,56-65,'POR',trails
757,757,757,202102220PHO,19.4,13.8,3rd quarter,10:17.0,Gary Trent,POR,False,2-pointer,12,56-68,'POR',trails
758,758,758,202102220PHO,22.2,6.2,3rd quarter,10:03.0,Damian Lillard,POR,True,2-pointer,3,58-68,'POR',trails
759,759,759,202102220PHO,18.8,15.3,3rd quarter,9:31.0,Gary Trent,POR,True,2-pointer,13,60-70,'POR',trails
760,760,760,202102220PHO,11.8,26.2,3rd quarter,8:57.0,Gary Trent,POR,False,3-pointer,26,60-72,'POR',trails
761,761,761,202102220PHO,38.8,25.2,3rd quarter,8:51.0,Robert Covington,POR,True,3-pointer,26,63-72,'POR',trails
762,762,762,202102220PHO,25.7,4.7,3rd quarter,8:15.0,Robert Covington,POR,False,2-pointer,2,63-72,'POR',trails
763,763,763,202102220PHO,11.7,4.6,3rd quarter,7:37.0,Gary Trent,POR,False,2-pointer,12,63-74,'POR',trails
764,764,764,202102220PHO,1.2,8.5,3rd quarter,7:32.0,Gary Trent,POR,False,3-pointer,23,63-74,'POR',trails
765,765,765,202102220PHO,25.4,3.2,3rd quarter,7:03.0,Derrick Jones,POR,True,2-pointer,1,65-74,'POR',trails
766,766,766,202102220PHO,43.1,20.8,3rd quarter,6:16.0,Gary Trent,POR,False,3-pointer,26,65-74,'POR',trails
767,767,767,202102220PHO,47.5,3.2,3rd quarter,5:38.0,Damian Lillard,POR,False,3-pointer,24,65-77,'POR',trails
768,768,768,202102220PHO,25.6,8.3,3rd quarter,5:33.0,Enes Freedom,POR,False,2-pointer,5,65-77,'POR',trails
769,769,769,202102220PHO,47.0,3.1,3rd quarter,4:03.0,Rodney Hood,POR,False,3-pointer,23,65-82,'POR',trails
770,770,770,202102220PHO,24.4,4.4,3rd quarter,3:03.0,Damian Lillard,POR,True,2-pointer,1,67-86,'POR',trails
771,771,771,202102220PHO,12.2,11.0,3rd quarter,2:29.0,Anfernee Simons,POR,False,2-pointer,14,67-88,'POR',trails
772,772,772,202102220PHO,24.0,3.3,3rd quarter,2:26.0,Enes Freedom,POR,False,2-pointer,0,67-88,'POR',trails
773,773,773,202102220PHO,34.8,5.2,3rd quarter,2:19.0,Carmelo Anthony,POR,False,2-pointer,11,67-88,'POR',trails
774,774,774,202102220PHO,1.4,8.8,3rd quarter,2:14.0,Robert Covington,POR,False,3-pointer,23,67-88,'POR',trails
775,775,775,202102220PHO,23.6,3.8,3rd quarter,2:08.0,Carmelo Anthony,POR,True,2-pointer,1,69-88,'POR',trails
776,776,776,202102220PHO,15.4,28.2,3rd quarter,1:37.0,Damian Lillard,POR,False,3-pointer,26,69-88,'POR',trails
777,777,777,202102220PHO,19.1,8.2,3rd quarter,0:21.0,Damian Lillard,POR,False,2-pointer,7,71-94,'POR',trails
778,778,778,202102220PHO,25.3,3.2,4th quarter,11:12.0,Carmelo Anthony,POR,False,2-pointer,1,71-102,'POR',trails
779,779,779,202102220PHO,24.0,3.3,4th quarter,11:11.0,Carmelo Anthony,POR,False,2-pointer,0,71-102,'POR',trails
780,780,780,202102220PHO,11.2,25.4,4th quarter,10:34.0,Anfernee Simons,POR,False,3-pointer,26,71-104,'POR',trails
781,781,781,202102220PHO,3.0,18.2,4th quarter,10:18.0,Nassir Little,POR,True,3-pointer,26,74-104,'POR',trails
782,782,782,202102220PHO,38.5,23.4,4th quarter,9:33.0,Anfernee Simons,POR,True,3-pointer,25,77-107,'POR',trails
783,783,783,202102220PHO,19.7,13.1,4th quarter,9:08.0,Gary Trent,POR,False,2-pointer,11,77-107,'POR',trails
784,784,784,202102220PHO,8.2,21.6,4th quarter,8:37.0,Anfernee Simons,POR,True,3-pointer,24,80-110,'POR',trails
785,785,785,202102220PHO,1.0,7.0,4th quarter,8:10.0,Anfernee Simons,POR,False,3-pointer,23,80-110,'POR',trails
786,786,786,202102220PHO,6.7,23.4,4th quarter,7:38.0,Nassir Little,POR,False,3-pointer,27,80-110,'POR',trails
787,787,787,202102220PHO,8.2,24.9,4th quarter,7:07.0,Gary Trent,POR,False,3-pointer,27,80-112,'POR',trails
788,788,788,202102220PHO,13.5,27.4,4th quarter,6:01.0,CJ Elleby,POR,False,3-pointer,26,84-114,'POR',trails
789,789,789,202102220PHO,24.4,10.3,4th quarter,4:56.0,Gary Trent,POR,False,2-pointer,7,84-116,'POR',trails
790,790,790,202102220PHO,18.8,20.3,4th quarter,4:37.0,CJ Elleby,POR,False,2-pointer,18,84-119,'POR',trails
791,791,791,202102220PHO,24.2,29.3,4th quarter,4:13.0,Gary Trent,POR,True,3-pointer,26,87-121,'POR',trails
792,792,792,202102220PHO,12.3,26.9,4th quarter,3:47.0,Nassir Little,POR,True,3-pointer,26,90-121,'POR',trails
793,793,793,202102220PHO,14.9,28.8,4th quarter,3:18.0,Nassir Little,POR,False,3-pointer,27,90-123,'POR',trails
794,794,794,202102220PHO,9.7,25.6,4th quarter,3:01.0,Gary Trent,POR,False,3-pointer,26,90-123,'POR',trails
795,795,795,202102220PHO,24.7,3.7,4th quarter,1:52.0,Nassir Little,POR,True,2-pointer,1,95-129,'POR',trails
796,796,796,202102220PHO,24.4,5.1,4th quarter,1:37.0,Keljin Blevins,POR,True,2-pointer,2,97-129,'POR',trails
797,797,797,202102220PHO,46.0,4.9,4th quarter,1:12.0,Keljin Blevins,POR,False,3-pointer,22,97-129,'POR',trails
798,798,798,202102220PHO,21.2,31.0,4th quarter,0:39.0,Nassir Little,POR,True,3-pointer,28,100-129,'POR',trails
799,799,799,202102220PHO,36.3,24.8,4th quarter,0:09.0,Nassir Little,POR,False,3-pointer,25,100-132,'POR',trails
800,800,800,202102220PHO,24.1,22.3,1st quarter,11:46.0,Devin Booker,PHO,True,2-pointer,19,2-0,'POR',leads
801,801,801,202102220PHO,23.9,4.9,1st quarter,11:18.0,Deandre Ayton,PHO,False,2-pointer,2,2-0,'POR',leads
802,802,802,202102220PHO,20.7,5.7,1st quarter,10:56.0,Devin Booker,PHO,True,2-pointer,4,4-0,'POR',leads
803,803,803,202102220PHO,12.4,17.4,1st quarter,10:37.0,Devin Booker,PHO,False,2-pointer,18,4-0,'POR',leads
804,804,804,202102220PHO,28.8,3.9,1st quarter,10:14.0,Chris Paul,PHO,False,2-pointer,5,4-0,'POR',leads
805,805,805,202102220PHO,1.0,5.2,1st quarter,9:54.0,Frank Kaminsky,PHO,False,3-pointer,23,4-0,'POR',leads
806,806,806,202102220PHO,22.0,14.2,1st quarter,9:27.0,Devin Booker,PHO,True,2-pointer,11,6-2,'POR',leads
807,807,807,202102220PHO,46.8,5.8,1st quarter,8:39.0,Mikal Bridges,PHO,True,3-pointer,23,9-2,'POR',leads
808,808,808,202102220PHO,24.9,7.0,1st quarter,8:04.0,Chris Paul,PHO,False,2-pointer,4,9-5,'POR',leads
809,809,809,202102220PHO,30.9,4.2,1st quarter,7:31.0,Devin Booker,PHO,True,2-pointer,7,11-7,'POR',leads
810,810,810,202102220PHO,24.3,4.8,1st quarter,6:47.0,Frank Kaminsky,PHO,False,2-pointer,2,11-10,'POR',leads
811,811,811,202102220PHO,23.3,3.7,1st quarter,6:30.0,Deandre Ayton,PHO,True,2-pointer,1,13-10,'POR',leads
812,812,812,202102220PHO,25.1,4.6,1st quarter,5:31.0,Dario Šarić,PHO,True,2-pointer,2,17-12,'POR',leads
813,813,813,202102220PHO,8.7,22.8,1st quarter,4:50.0,Jae Crowder,PHO,False,3-pointer,25,17-14,'POR',leads
814,814,814,202102220PHO,33.4,27.5,1st quarter,4:34.0,Devin Booker,PHO,True,3-pointer,26,20-14,'POR',leads
815,815,815,202102220PHO,5.8,21.0,1st quarter,3:26.0,Dario Šarić,PHO,False,3-pointer,25,22-19,'POR',leads
816,816,816,202102220PHO,24.3,3.8,1st quarter,2:54.0,Devin Booker,PHO,True,2-pointer,1,24-21,'POR',leads
817,817,817,202102220PHO,25.3,3.2,1st quarter,2:25.0,Dario Šarić,PHO,True,2-pointer,1,26-21,'POR',leads
818,818,818,202102220PHO,25.7,0.3,1st quarter,1:44.0,Devin Booker,PHO,False,2-pointer,3,26-23,'POR',leads
819,819,819,202102220PHO,37.7,25.1,1st quarter,1:18.0,Cameron Payne,PHO,False,3-pointer,26,26-24,'POR',leads
820,820,820,202102220PHO,23.6,5.3,1st quarter,1:03.0,Jae Crowder,PHO,True,2-pointer,2,28-24,'POR',leads
821,821,821,202102220PHO,23.6,4.8,1st quarter,0:23.0,Jae Crowder,PHO,False,2-pointer,2,30-26,'POR',leads
822,822,822,202102220PHO,24.0,3.3,1st quarter,0:21.0,E'Twaun Moore,PHO,True,2-pointer,0,32-26,'POR',leads
823,823,823,202102220PHO,24.7,4.9,2nd quarter,11:15.0,Dario Šarić,PHO,False,2-pointer,2,32-28,'POR',leads
824,824,824,202102220PHO,10.6,17.0,2nd quarter,10:52.0,Jae Crowder,PHO,False,2-pointer,19,32-28,'POR',leads
825,825,825,202102220PHO,36.6,24.8,2nd quarter,10:20.0,Dario Šarić,PHO,False,3-pointer,25,32-31,'POR',leads
826,826,826,202102220PHO,24.2,6.0,2nd quarter,10:10.0,E'Twaun Moore,PHO,False,2-pointer,3,32-31,'POR',leads
827,827,827,202102220PHO,41.8,22.5,2nd quarter,9:39.0,Jae Crowder,PHO,True,3-pointer,26,35-33,'POR',leads
828,828,828,202102220PHO,30.7,27.4,2nd quarter,9:13.0,Jae Crowder,PHO,False,3-pointer,25,35-35,'POR',tied
829,829,829,202102220PHO,24.6,3.3,2nd quarter,8:53.0,Deandre Ayton,PHO,True,2-pointer,1,37-35,'POR',leads
830,830,830,202102220PHO,22.0,19.2,2nd quarter,8:14.0,E'Twaun Moore,PHO,True,2-pointer,16,39-37,'POR',leads
831,831,831,202102220PHO,33.4,12.3,2nd quarter,7:51.0,Chris Paul,PHO,False,2-pointer,13,39-37,'POR',leads
832,832,832,202102220PHO,25.6,14.1,2nd quarter,7:20.0,Cameron Johnson,PHO,True,2-pointer,11,41-40,'POR',leads
833,833,833,202102220PHO,20.2,6.9,2nd quarter,6:55.0,Deandre Ayton,PHO,True,2-pointer,5,43-40,'POR',leads
834,834,834,202102220PHO,19.7,10.6,2nd quarter,6:20.0,Deandre Ayton,PHO,False,2-pointer,8,43-40,'POR',leads
835,835,835,202102220PHO,41.3,22.1,2nd quarter,5:51.0,Chris Paul,PHO,False,3-pointer,26,43-42,'POR',leads
836,836,836,202102220PHO,24.7,3.7,2nd quarter,5:46.0,Cameron Johnson,PHO,False,2-pointer,1,43-42,'POR',leads
837,837,837,202102220PHO,22.2,15.3,2nd quarter,5:20.0,Chris Paul,PHO,False,2-pointer,12,43-42,'POR',leads
838,838,838,202102220PHO,24.0,3.3,2nd quarter,5:15.0,Deandre Ayton,PHO,True,2-pointer,0,45-42,'POR',leads
839,839,839,202102220PHO,47.3,4.2,2nd quarter,4:34.0,Cameron Johnson,PHO,True,3-pointer,23,48-42,'POR',leads
840,840,840,202102220PHO,25.2,4.6,2nd quarter,4:05.0,Deandre Ayton,PHO,False,2-pointer,2,48-42,'POR',leads
841,841,841,202102220PHO,20.2,8.3,2nd quarter,3:53.0,Mikal Bridges,PHO,False,2-pointer,6,48-42,'POR',leads
842,842,842,202102220PHO,24.7,5.2,2nd quarter,3:49.0,Dario Šarić,PHO,False,2-pointer,2,48-42,'POR',leads
843,843,843,202102220PHO,28.5,10.1,2nd quarter,3:24.0,Devin Booker,PHO,False,2-pointer,8,48-44,'POR',leads
844,844,844,202102220PHO,47.3,4.3,2nd quarter,2:57.0,Dario Šarić,PHO,True,3-pointer,23,51-46,'POR',leads
845,845,845,202102220PHO,22.6,4.6,2nd quarter,2:22.0,Devin Booker,PHO,True,2-pointer,2,53-48,'POR',leads
846,846,846,202102220PHO,33.4,12.7,2nd quarter,1:54.0,Chris Paul,PHO,False,2-pointer,13,54-50,'POR',leads
847,847,847,202102220PHO,24.6,3.6,2nd quarter,1:16.0,Mikal Bridges,PHO,True,2-pointer,1,58-52,'POR',leads
848,848,848,202102220PHO,46.0,5.5,2nd quarter,0:35.0,Dario Šarić,PHO,True,3-pointer,22,61-52,'POR',leads
849,849,849,202102220PHO,34.8,2.1,2nd quarter,0:00.0,Devin Booker,PHO,True,2-pointer,11,63-54,'POR',leads
850,850,850,202102220PHO,22.6,12.2,3rd quarter,11:13.0,Mikal Bridges,PHO,True,2-pointer,9,65-54,'POR',leads
851,851,851,202102220PHO,0.7,4.3,3rd quarter,10:38.0,Frank Kaminsky,PHO,True,3-pointer,23,68-56,'POR',leads
852,852,852,202102220PHO,25.3,5.7,3rd quarter,9:56.0,Devin Booker,PHO,True,2-pointer,3,70-58,'POR',leads
853,853,853,202102220PHO,23.4,3.6,3rd quarter,9:17.0,Deandre Ayton,PHO,True,2-pointer,1,72-60,'POR',leads
854,854,854,202102220PHO,12.7,22.7,3rd quarter,8:30.0,Devin Booker,PHO,False,2-pointer,22,72-63,'POR',leads
855,855,855,202102220PHO,32.8,4.2,3rd quarter,8:02.0,Chris Paul,PHO,True,2-pointer,9,74-63,'POR',leads
856,856,856,202102220PHO,30.1,14.2,3rd quarter,7:22.0,Chris Paul,PHO,False,2-pointer,13,74-63,'POR',leads
857,857,857,202102220PHO,36.7,25.3,3rd quarter,6:44.0,Frank Kaminsky,PHO,False,3-pointer,25,74-65,'POR',leads
858,858,858,202102220PHO,1.0,8.1,3rd quarter,6:40.0,Mikal Bridges,PHO,False,3-pointer,24,74-65,'POR',leads
859,859,859,202102220PHO,46.6,6.2,3rd quarter,6:04.0,Mikal Bridges,PHO,True,3-pointer,23,77-65,'POR',leads
860,860,860,202102220PHO,33.8,13.2,3rd quarter,5:18.0,Chris Paul,PHO,False,2-pointer,14,77-65,'POR',leads
861,861,861,202102220PHO,22.3,5.2,3rd quarter,4:55.0,Deandre Ayton,PHO,True,2-pointer,3,79-65,'POR',leads
862,862,862,202102220PHO,25.3,4.4,3rd quarter,4:21.0,Deandre Ayton,PHO,True,2-pointer,2,81-65,'POR',leads
863,863,863,202102220PHO,26.0,5.5,3rd quarter,3:21.0,Devin Booker,PHO,False,2-pointer,3,84-65,'POR',leads
864,864,864,202102220PHO,24.0,3.3,3rd quarter,3:18.0,Deandre Ayton,PHO,True,2-pointer,0,86-65,'POR',leads
865,865,865,202102220PHO,25.7,2.8,3rd quarter,2:48.0,Devin Booker,PHO,True,2-pointer,2,88-67,'POR',leads
866,866,866,202102220PHO,46.8,5.7,3rd quarter,1:49.0,Jae Crowder,PHO,False,3-pointer,23,88-69,'POR',leads
867,867,867,202102220PHO,38.4,24.8,3rd quarter,1:30.0,Cameron Payne,PHO,True,3-pointer,26,91-69,'POR',leads
868,868,868,202102220PHO,19.7,5.9,3rd quarter,0:43.0,Cameron Payne,PHO,False,2-pointer,5,92-71,'POR',leads
869,869,869,202102220PHO,23.1,3.2,3rd quarter,0:42.0,Dario Šarić,PHO,False,2-pointer,1,92-71,'POR',leads
870,870,870,202102220PHO,35.2,15.8,3rd quarter,0:31.0,Devin Booker,PHO,True,2-pointer,17,94-71,'POR',leads
871,871,871,202102220PHO,11.6,24.7,3rd quarter,0:02.0,Devin Booker,PHO,True,3-pointer,25,97-71,'POR',leads
872,872,872,202102220PHO,46.6,4.3,3rd quarter,0:00.0,Cameron Johnson,PHO,True,3-pointer,23,100-71,'POR',leads
873,873,873,202102220PHO,5.1,20.6,4th quarter,11:39.0,Cameron Payne,PHO,False,3-pointer,26,100-71,'POR',leads
874,874,874,202102220PHO,22.6,4.1,4th quarter,11:35.0,Cameron Johnson,PHO,True,2-pointer,2,102-71,'POR',leads
875,875,875,202102220PHO,28.5,6.8,4th quarter,10:59.0,Dario Šarić,PHO,False,2-pointer,6,102-71,'POR',leads
876,876,876,202102220PHO,24.5,3.6,4th quarter,10:47.0,Cameron Johnson,PHO,False,2-pointer,1,102-71,'POR',leads
877,877,877,202102220PHO,24.0,3.3,4th quarter,10:41.0,Dario Šarić,PHO,True,2-pointer,0,104-71,'POR',leads
878,878,878,202102220PHO,27.3,27.8,4th quarter,10:28.0,Cameron Payne,PHO,False,3-pointer,25,104-71,'POR',leads
879,879,879,202102220PHO,24.3,4.4,4th quarter,9:56.0,Dario Šarić,PHO,False,2-pointer,1,104-74,'POR',leads
880,880,880,202102220PHO,35.3,25.4,4th quarter,9:52.0,Cameron Johnson,PHO,True,3-pointer,25,107-74,'POR',leads
881,881,881,202102220PHO,15.1,8.3,4th quarter,9:15.0,Cameron Payne,PHO,False,2-pointer,10,107-77,'POR',leads
882,882,882,202102220PHO,5.1,18.8,4th quarter,8:51.0,Jae Crowder,PHO,True,3-pointer,24,110-77,'POR',leads
883,883,883,202102220PHO,11.9,4.9,4th quarter,7:50.0,E'Twaun Moore,PHO,False,2-pointer,12,110-80,'POR',leads
884,884,884,202102220PHO,22.8,3.4,4th quarter,6:47.0,Cameron Payne,PHO,True,2-pointer,1,114-82,'POR',leads
885,885,885,202102220PHO,8.2,22.7,4th quarter,6:13.0,Langston Galloway,PHO,False,3-pointer,25,114-84,'POR',leads
886,886,886,202102220PHO,26.8,4.4,4th quarter,5:43.0,Abdel Nader,PHO,False,2-pointer,3,114-84,'POR',leads
887,887,887,202102220PHO,35.3,14.6,4th quarter,5:19.0,Langston Galloway,PHO,True,2-pointer,16,116-84,'POR',leads
888,888,888,202102220PHO,37.8,24.3,4th quarter,4:51.0,Langston Galloway,PHO,True,3-pointer,25,119-84,'POR',leads
889,889,889,202102220PHO,23.4,3.4,4th quarter,4:29.0,Damian Jones,PHO,True,2-pointer,1,121-84,'POR',leads
890,890,890,202102220PHO,22.0,27.5,4th quarter,4:04.0,Langston Galloway,PHO,False,3-pointer,24,121-87,'POR',leads
891,891,891,202102220PHO,28.0,8.0,4th quarter,3:30.0,E'Twaun Moore,PHO,True,2-pointer,6,123-90,'POR',leads
892,892,892,202102220PHO,14.5,26.8,4th quarter,2:47.0,Jevon Carter,PHO,True,3-pointer,25,126-90,'POR',leads
893,893,893,202102220PHO,35.1,25.9,4th quarter,2:14.0,Jevon Carter,PHO,True,3-pointer,25,129-92,'POR',leads
894,894,894,202102220PHO,2.3,15.7,4th quarter,1:44.0,Langston Galloway,PHO,False,3-pointer,25,129-95,'POR',leads
895,895,895,202102220PHO,26.3,3.1,4th quarter,1:20.0,E'Twaun Moore,PHO,False,2-pointer,2,129-97,'POR',leads
896,896,896,202102220PHO,36.7,24.8,4th quarter,0:48.0,Jevon Carter,PHO,False,3-pointer,25,129-97,'POR',leads
897,897,897,202102220PHO,26.3,3.3,4th quarter,0:18.0,Damian Jones,PHO,True,2-pointer,2,131-100,'POR',leads
898,898,898,202102220UTA,1.3,2.9,1st quarter,10:59.0,LaMelo Ball,CHO,False,3-pointer,23,0-3,'UTA',trails
899,899,899,202102220UTA,9.6,22.8,1st quarter,10:46.0,Gordon Hayward,CHO,True,3-pointer,24,3-3,'UTA',tied
900,900,900,202102220UTA,26.0,2.7,1st quarter,10:08.0,Terry Rozier,CHO,True,2-pointer,2,5-6,'UTA',trails
901,901,901,202102220UTA,23.2,5.7,1st quarter,9:39.0,LaMelo Ball,CHO,False,2-pointer,3,5-6,'UTA',trails
902,902,902,202102220UTA,13.7,20.8,1st quarter,9:37.0,Gordon Hayward,CHO,True,2-pointer,20,7-6,'UTA',leads
903,903,903,202102220UTA,47.9,8.3,1st quarter,9:06.0,Cody Zeller,CHO,False,3-pointer,24,7-9,'UTA',trails
904,904,904,202102220UTA,24.0,3.3,1st quarter,8:59.0,Gordon Hayward,CHO,True,2-pointer,0,9-9,'UTA',tied
905,905,905,202102220UTA,22.8,3.6,1st quarter,8:32.0,Cody Zeller,CHO,True,2-pointer,1,11-12,'UTA',trails
906,906,906,202102220UTA,23.8,12.9,1st quarter,7:56.0,Cody Zeller,CHO,False,2-pointer,10,11-15,'UTA',trails
907,907,907,202102220UTA,38.0,8.8,1st quarter,7:35.0,Terry Rozier,CHO,True,2-pointer,15,13-15,'UTA',trails
908,908,908,202102220UTA,37.4,25.2,1st quarter,7:17.0,Gordon Hayward,CHO,False,3-pointer,26,13-15,'UTA',trails
909,909,909,202102220UTA,1.7,3.6,1st quarter,6:55.0,Miles Bridges,CHO,False,3-pointer,22,13-16,'UTA',trails
910,910,910,202102220UTA,19.2,20.5,1st quarter,6:17.0,P.J. Washington,CHO,True,2-pointer,18,15-18,'UTA',trails
911,911,911,202102220UTA,37.0,25.8,1st quarter,5:59.0,Malik Monk,CHO,True,3-pointer,26,18-20,'UTA',trails
912,912,912,202102220UTA,20.3,27.4,1st quarter,5:32.0,P.J. Washington,CHO,False,3-pointer,24,18-21,'UTA',trails
913,913,913,202102220UTA,25.3,28.3,1st quarter,4:47.0,LaMelo Ball,CHO,True,3-pointer,25,22-27,'UTA',trails
914,914,914,202102220UTA,37.3,24.6,1st quarter,4:01.0,Malik Monk,CHO,False,3-pointer,25,22-27,'UTA',trails
915,915,915,202102220UTA,27.3,3.6,1st quarter,3:30.0,LaMelo Ball,CHO,False,2-pointer,3,22-27,'UTA',trails
916,916,916,202102220UTA,47.9,4.1,1st quarter,2:59.0,Jalen McDaniels,CHO,False,3-pointer,24,22-27,'UTA',trails
917,917,917,202102220UTA,15.8,29.5,1st quarter,2:54.0,LaMelo Ball,CHO,False,3-pointer,27,22-27,'UTA',trails
918,918,918,202102220UTA,26.6,4.1,1st quarter,2:33.0,LaMelo Ball,CHO,True,2-pointer,3,24-29,'UTA',trails
919,919,919,202102220UTA,1.3,7.7,1st quarter,2:06.0,Malik Monk,CHO,True,3-pointer,23,27-29,'UTA',trails
920,920,920,202102220UTA,22.9,4.4,1st quarter,1:33.0,LaMelo Ball,CHO,True,2-pointer,2,29-29,'UTA',tied
921,921,921,202102220UTA,26.3,3.3,1st quarter,1:08.0,LaMelo Ball,CHO,True,2-pointer,2,32-29,'UTA',leads
922,922,922,202102220UTA,25.0,5.3,1st quarter,0:44.0,LaMelo Ball,CHO,False,2-pointer,2,32-29,'UTA',leads
923,923,923,202102220UTA,42.2,19.8,1st quarter,0:32.0,Malik Monk,CHO,True,3-pointer,25,35-32,'UTA',leads
924,924,924,202102220UTA,28.4,13.6,2nd quarter,11:44.0,Terry Rozier,CHO,True,2-pointer,11,37-35,'UTA',leads
925,925,925,202102220UTA,23.1,13.6,2nd quarter,11:13.0,Gordon Hayward,CHO,True,2-pointer,10,39-37,'UTA',leads
926,926,926,202102220UTA,28.7,5.9,2nd quarter,10:41.0,Jalen McDaniels,CHO,False,2-pointer,5,39-39,'UTA',tied
927,927,927,202102220UTA,23.3,4.9,2nd quarter,9:58.0,Bismack Biyombo,CHO,False,2-pointer,2,39-42,'UTA',trails
928,928,928,202102220UTA,26.6,5.2,2nd quarter,9:25.0,Gordon Hayward,CHO,True,2-pointer,3,41-44,'UTA',trails
929,929,929,202102220UTA,1.5,4.9,2nd quarter,9:02.0,Terry Rozier,CHO,False,3-pointer,23,41-44,'UTA',trails
930,930,930,202102220UTA,11.9,25.7,2nd quarter,8:08.0,Gordon Hayward,CHO,False,3-pointer,25,43-47,'UTA',trails
931,931,931,202102220UTA,24.4,4.4,2nd quarter,7:22.0,Cody Zeller,CHO,True,2-pointer,1,47-47,'UTA',tied
932,932,932,202102220UTA,25.5,3.9,2nd quarter,6:46.0,Gordon Hayward,CHO,True,2-pointer,2,49-47,'UTA',leads
933,933,933,202102220UTA,28.9,8.6,2nd quarter,6:12.0,Terry Rozier,CHO,False,2-pointer,7,49-50,'UTA',trails
934,934,934,202102220UTA,21.6,4.9,2nd quarter,5:51.0,Terry Rozier,CHO,True,2-pointer,3,51-50,'UTA',leads
935,935,935,202102220UTA,24.5,28.4,2nd quarter,4:55.0,P.J. Washington,CHO,True,3-pointer,25,56-55,'UTA',leads
936,936,936,202102220UTA,12.0,25.1,2nd quarter,3:24.0,Miles Bridges,CHO,True,3-pointer,25,59-57,'UTA',leads
937,937,937,202102220UTA,9.7,23.8,2nd quarter,2:54.0,Terry Rozier,CHO,False,3-pointer,25,59-59,'UTA',tied
938,938,938,202102220UTA,22.2,2.3,2nd quarter,2:26.0,LaMelo Ball,CHO,True,2-pointer,2,61-59,'UTA',leads
939,939,939,202102220UTA,23.8,5.7,2nd quarter,1:56.0,Terry Rozier,CHO,False,2-pointer,2,61-59,'UTA',leads
940,940,940,202102220UTA,24.0,3.3,2nd quarter,1:50.0,Cody Zeller,CHO,True,2-pointer,0,63-59,'UTA',leads
941,941,941,202102220UTA,38.0,9.8,2nd quarter,1:08.0,LaMelo Ball,CHO,True,2-pointer,15,65-59,'UTA',leads
942,942,942,202102220UTA,23.9,11.3,2nd quarter,0:16.0,Gordon Hayward,CHO,False,2-pointer,8,67-61,'UTA',leads
943,943,943,202102220UTA,46.8,4.2,3rd quarter,11:40.0,P.J. Washington,CHO,False,3-pointer,23,67-64,'UTA',leads
944,944,944,202102220UTA,26.9,22.6,3rd quarter,11:17.0,Gordon Hayward,CHO,False,2-pointer,20,67-66,'UTA',leads
945,945,945,202102220UTA,22.2,5.4,3rd quarter,10:58.0,Terry Rozier,CHO,True,2-pointer,3,69-66,'UTA',leads
946,946,946,202102220UTA,36.1,26.5,3rd quarter,10:17.0,LaMelo Ball,CHO,True,3-pointer,26,72-69,'UTA',leads
947,947,947,202102220UTA,29.1,15.9,3rd quarter,9:54.0,Gordon Hayward,CHO,True,2-pointer,14,74-69,'UTA',leads
948,948,948,202102220UTA,9.8,24.1,3rd quarter,9:25.0,P.J. Washington,CHO,True,3-pointer,25,77-69,'UTA',leads
949,949,949,202102220UTA,22.7,4.2,3rd quarter,8:42.0,Cody Zeller,CHO,False,2-pointer,2,77-69,'UTA',leads
950,950,950,202102220UTA,24.0,3.3,3rd quarter,8:37.0,Cody Zeller,CHO,False,2-pointer,0,77-69,'UTA',leads
951,951,951,202102220UTA,24.1,6.2,3rd quarter,8:36.0,Cody Zeller,CHO,False,2-pointer,3,77-69,'UTA',leads
952,952,952,202102220UTA,20.2,6.2,3rd quarter,8:07.0,LaMelo Ball,CHO,False,2-pointer,5,77-69,'UTA',leads
953,953,953,202102220UTA,23.2,12.7,3rd quarter,7:36.0,Gordon Hayward,CHO,True,2-pointer,9,79-70,'UTA',leads
954,954,954,202102220UTA,17.1,13.3,3rd quarter,7:18.0,LaMelo Ball,CHO,False,2-pointer,12,79-70,'UTA',leads
955,955,955,202102220UTA,23.1,5.3,3rd quarter,7:03.0,P.J. Washington,CHO,True,2-pointer,2,81-70,'UTA',leads
956,956,956,202102220UTA,11.1,25.2,3rd quarter,5:54.0,P.J. Washington,CHO,True,3-pointer,25,84-75,'UTA',leads
957,957,957,202102220UTA,21.2,31.8,3rd quarter,5:27.0,Gordon Hayward,CHO,False,3-pointer,29,84-78,'UTA',leads
958,958,958,202102220UTA,30.9,27.3,3rd quarter,5:11.0,Gordon Hayward,CHO,False,3-pointer,25,84-78,'UTA',leads
959,959,959,202102220UTA,20.7,7.9,3rd quarter,4:17.0,LaMelo Ball,CHO,False,2-pointer,6,86-80,'UTA',leads
960,960,960,202102220UTA,8.2,32.5,3rd quarter,3:34.0,LaMelo Ball,CHO,False,3-pointer,33,86-80,'UTA',leads
961,961,961,202102220UTA,33.7,6.7,3rd quarter,2:56.0,Miles Bridges,CHO,False,2-pointer,10,86-83,'UTA',leads
962,962,962,202102220UTA,26.2,3.6,3rd quarter,2:26.0,Malik Monk,CHO,True,2-pointer,2,88-83,'UTA',leads
963,963,963,202102220UTA,18.4,5.7,3rd quarter,1:46.0,Bismack Biyombo,CHO,True,2-pointer,6,90-85,'UTA',leads
964,964,964,202102220UTA,15.6,11.8,3rd quarter,1:25.0,Malik Monk,CHO,False,2-pointer,12,90-85,'UTA',leads
965,965,965,202102220UTA,17.6,28.0,3rd quarter,0:36.0,LaMelo Ball,CHO,False,3-pointer,26,90-88,'UTA',leads
966,966,966,202102220UTA,8.2,25.4,3rd quarter,0:07.0,Miles Bridges,CHO,False,3-pointer,27,90-91,'UTA',trails
967,967,967,202102220UTA,25.2,20.5,4th quarter,10:56.0,Gordon Hayward,CHO,True,2-pointer,17,92-96,'UTA',trails
968,968,968,202102220UTA,40.2,22.8,4th quarter,9:54.0,Terry Rozier,CHO,False,3-pointer,25,92-102,'UTA',trails
969,969,969,202102220UTA,0.8,11.0,4th quarter,9:27.0,LaMelo Ball,CHO,False,3-pointer,24,92-105,'UTA',trails
970,970,970,202102220UTA,26.7,5.4,4th quarter,9:04.0,P.J. Washington,CHO,False,2-pointer,3,92-105,'UTA',trails
971,971,971,202102220UTA,23.3,4.9,4th quarter,9:04.0,Cody Zeller,CHO,False,2-pointer,2,92-105,'UTA',trails
972,972,972,202102220UTA,30.1,27.9,4th quarter,8:42.0,Malik Monk,CHO,False,3-pointer,25,92-108,'UTA',trails
973,973,973,202102220UTA,46.8,12.6,4th quarter,7:42.0,Jalen McDaniels,CHO,False,3-pointer,25,94-113,'UTA',trails
974,974,974,202102220UTA,26.2,4.8,4th quarter,7:08.0,Malik Monk,CHO,True,2-pointer,3,96-113,'UTA',trails
975,975,975,202102220UTA,24.7,5.4,4th quarter,6:45.0,LaMelo Ball,CHO,True,2-pointer,2,98-113,'UTA',trails
976,976,976,202102220UTA,6.1,21.8,4th quarter,5:58.0,Malik Monk,CHO,True,3-pointer,26,101-113,'UTA',trails
977,977,977,202102220UTA,23.5,7.2,4th quarter,5:00.0,P.J. Washington,CHO,False,2-pointer,4,101-113,'UTA',trails
978,978,978,202102220UTA,26.3,28.3,4th quarter,4:36.0,Malik Monk,CHO,False,3-pointer,25,101-116,'UTA',trails
979,979,979,202102220UTA,24.7,22.8,4th quarter,3:56.0,LaMelo Ball,CHO,False,2-pointer,20,102-119,'UTA',trails
980,980,980,202102220UTA,26.8,6.4,4th quarter,3:47.0,Miles Bridges,CHO,False,2-pointer,4,102-119,'UTA',trails
981,981,981,202102220UTA,24.7,17.3,4th quarter,2:20.0,Miles Bridges,CHO,True,2-pointer,14,104-124,'UTA',trails
982,982,982,202102220UTA,0.7,3.4,4th quarter,1:51.0,Jalen McDaniels,CHO,False,3-pointer,23,104-127,'UTA',trails
983,983,983,202102220UTA,22.1,4.3,4th quarter,1:35.0,Malik Monk,CHO,True,2-pointer,2,106-127,'UTA',trails
984,984,984,202102220UTA,26.4,4.9,4th quarter,0:53.0,Jalen McDaniels,CHO,True,2-pointer,3,110-129,'UTA',trails
985,985,985,202102220UTA,39.8,23.7,4th quarter,0:26.0,Malik Monk,CHO,False,3-pointer,26,110-132,'UTA',trails
986,986,986,202102220UTA,17.5,27.5,1st quarter,11:44.0,Mike Conley,UTA,False,3-pointer,25,0-0,'UTA',tied
987,987,987,202102220UTA,0.8,12.6,1st quarter,11:29.0,Royce O'Neale,UTA,False,3-pointer,25,0-0,'UTA',tied
988,988,988,202102220UTA,4.7,20.3,1st quarter,11:21.0,Royce O'Neale,UTA,True,3-pointer,26,3-0,'UTA',leads
989,989,989,202102220UTA,46.7,5.1,1st quarter,10:24.0,Mike Conley,UTA,True,3-pointer,23,6-3,'UTA',leads
990,990,990,202102220UTA,0.9,4.8,1st quarter,9:54.0,Bojan Bogdanović,UTA,False,3-pointer,23,6-5,'UTA',leads
991,991,991,202102220UTA,46.8,4.2,1st quarter,8:50.0,Mike Conley,UTA,True,3-pointer,23,12-9,'UTA',leads
992,992,992,202102220UTA,40.4,23.7,1st quarter,8:18.0,Royce O'Neale,UTA,True,3-pointer,26,15-11,'UTA',leads
993,993,993,202102220UTA,38.9,23.6,1st quarter,7:45.0,Royce O'Neale,UTA,False,3-pointer,25,15-11,'UTA',leads
994,994,994,202102220UTA,15.4,6.0,1st quarter,6:39.0,Bojan Bogdanović,UTA,True,2-pointer,9,18-13,'UTA',leads
995,995,995,202102220UTA,22.6,5.1,1st quarter,6:11.0,Derrick Favors,UTA,True,2-pointer,2,20-15,'UTA',leads
996,996,996,202102220UTA,2.7,15.7,1st quarter,5:20.0,Joe Ingles,UTA,True,3-pointer,25,24-18,'UTA',leads
997,997,997,202102220UTA,16.7,28.0,1st quarter,4:57.0,Donovan Mitchell,UTA,True,3-pointer,26,27-19,'UTA',leads
998,998,998,202102220UTA,23.3,29.0,1st quarter,4:21.0,Bojan Bogdanović,UTA,False,3-pointer,26,27-22,'UTA',leads
999,999,999,202102220UTA,1.5,16.4,1st quarter,3:44.0,Donovan Mitchell,UTA,False,3-pointer,26,27-22,'UTA',leads
1000,1000,1000,202102220UTA,29.8,7.8,1st quarter,3:22.0,Donovan Mitchell,UTA,False,2-pointer,7,27-22,'UTA',leads
1001,1001,1001,202102220UTA,46.4,8.8,1st quarter,3:07.0,Donovan Mitchell,UTA,False,3-pointer,23,27-22,'UTA',leads
1002,1002,1002,202102220UTA,24.4,6.7,1st quarter,2:40.0,Donovan Mitchell,UTA,True,2-pointer,3,29-22,'UTA',leads
1003,1003,1003,202102220UTA,14.7,21.3,1st quarter,2:17.0,Donovan Mitchell,UTA,False,2-pointer,20,29-24,'UTA',leads
1004,1004,1004,202102220UTA,41.0,21.3,1st quarter,1:48.0,Joe Ingles,UTA,False,3-pointer,25,29-27,'UTA',leads
1005,1005,1005,202102220UTA,29.6,27.5,1st quarter,1:22.0,Jordan Clarkson,UTA,False,3-pointer,25,29-30,'UTA',trails
1006,1006,1006,202102220UTA,25.3,28.7,1st quarter,1:17.0,Jordan Clarkson,UTA,False,3-pointer,25,29-30,'UTA',trails
1007,1007,1007,202102220UTA,20.9,6.3,1st quarter,0:49.0,Mike Conley,UTA,False,2-pointer,4,29-32,'UTA',trails
1008,1008,1008,202102220UTA,36.4,25.9,1st quarter,0:39.0,Jordan Clarkson,UTA,True,3-pointer,26,32-32,'UTA',tied
1009,1009,1009,202102220UTA,0.7,4.9,1st quarter,0:12.0,Joe Ingles,UTA,True,3-pointer,23,35-35,'UTA',tied
1010,1010,1010,202102220UTA,23.7,9.3,1st quarter,0:00.0,Jordan Clarkson,UTA,False,2-pointer,6,35-35,'UTA',tied
1011,1011,1011,202102220UTA,1.0,2.9,2nd quarter,10:24.0,Georges Niang,UTA,True,3-pointer,23,42-39,'UTA',leads
1012,1012,1012,202102220UTA,46.8,5.1,2nd quarter,9:53.0,Mike Conley,UTA,False,3-pointer,23,42-39,'UTA',leads
1013,1013,1013,202102220UTA,47.3,3.4,2nd quarter,9:46.0,Mike Conley,UTA,False,3-pointer,23,42-39,'UTA',leads
1014,1014,1014,202102220UTA,17.9,7.8,2nd quarter,9:39.0,Jordan Clarkson,UTA,True,2-pointer,8,44-39,'UTA',leads
1015,1015,1015,202102220UTA,0.6,3.7,2nd quarter,8:21.0,Georges Niang,UTA,True,3-pointer,23,47-43,'UTA',leads
1016,1016,1016,202102220UTA,23.9,12.1,2nd quarter,7:57.0,Mike Conley,UTA,False,2-pointer,9,47-43,'UTA',leads
1017,1017,1017,202102220UTA,5.9,21.1,2nd quarter,7:38.0,Jordan Clarkson,UTA,False,3-pointer,25,47-45,'UTA',leads
1018,1018,1018,202102220UTA,26.3,5.5,2nd quarter,6:55.0,Derrick Favors,UTA,False,2-pointer,3,47-47,'UTA',tied
1019,1019,1019,202102220UTA,21.7,28.4,2nd quarter,6:38.0,Jordan Clarkson,UTA,True,3-pointer,25,50-49,'UTA',leads
1020,1020,1020,202102220UTA,39.2,25.1,2nd quarter,6:01.0,Jordan Clarkson,UTA,False,3-pointer,27,50-49,'UTA',leads
1021,1021,1021,202102220UTA,0.6,4.1,2nd quarter,5:44.0,Jordan Clarkson,UTA,True,3-pointer,23,53-51,'UTA',leads
1022,1022,1022,202102220UTA,35.3,8.4,2nd quarter,5:05.0,Bojan Bogdanović,UTA,True,2-pointer,12,55-53,'UTA',leads
1023,1023,1023,202102220UTA,31.2,8.2,2nd quarter,4:32.0,Bojan Bogdanović,UTA,True,2-pointer,9,57-56,'UTA',leads
1024,1024,1024,202102220UTA,25.3,5.2,2nd quarter,3:59.0,Jordan Clarkson,UTA,False,2-pointer,2,57-56,'UTA',leads
1025,1025,1025,202102220UTA,22.5,3.8,2nd quarter,3:34.0,Derrick Favors,UTA,False,2-pointer,2,57-56,'UTA',leads
1026,1026,1026,202102220UTA,21.7,5.5,2nd quarter,3:08.0,Royce O'Neale,UTA,True,2-pointer,3,59-59,'UTA',tied
1027,1027,1027,202102220UTA,36.3,26.2,2nd quarter,2:45.0,Donovan Mitchell,UTA,False,3-pointer,26,59-59,'UTA',tied
1028,1028,1028,202102220UTA,6.3,26.1,2nd quarter,2:10.0,Donovan Mitchell,UTA,False,3-pointer,29,59-61,'UTA',trails
1029,1029,1029,202102220UTA,26.2,6.7,2nd quarter,0:53.0,Rudy Gobert,UTA,False,2-pointer,4,59-65,'UTA',trails
1030,1030,1030,202102220UTA,21.7,7.2,2nd quarter,0:35.0,Donovan Mitchell,UTA,False,2-pointer,5,59-67,'UTA',trails
1031,1031,1031,202102220UTA,21.7,2.9,2nd quarter,0:33.0,Donovan Mitchell,UTA,True,2-pointer,2,61-67,'UTA',trails
1032,1032,1032,202102220UTA,0.3,3.1,2nd quarter,0:03.0,Joe Ingles,UTA,True,3-pointer,24,64-67,'UTA',trails
1033,1033,1033,202102220UTA,17.7,4.9,3rd quarter,11:31.0,Bojan Bogdanović,UTA,True,2-pointer,7,66-67,'UTA',trails
1034,1034,1034,202102220UTA,39.3,22.8,3rd quarter,11:06.0,Bojan Bogdanović,UTA,False,3-pointer,25,66-67,'UTA',trails
1035,1035,1035,202102220UTA,29.2,15.8,3rd quarter,10:38.0,Donovan Mitchell,UTA,True,2-pointer,14,68-69,'UTA',trails
1036,1036,1036,202102220UTA,6.2,21.8,3rd quarter,8:21.0,Royce O'Neale,UTA,False,3-pointer,26,69-77,'UTA',trails
1037,1037,1037,202102220UTA,24.3,6.4,3rd quarter,6:50.0,Derrick Favors,UTA,True,2-pointer,3,72-81,'UTA',trails
1038,1038,1038,202102220UTA,28.3,28.2,3rd quarter,6:11.0,Donovan Mitchell,UTA,True,3-pointer,25,75-81,'UTA',trails
1039,1039,1039,202102220UTA,47.0,4.1,3rd quarter,5:40.0,Joe Ingles,UTA,True,3-pointer,23,78-84,'UTA',trails
1040,1040,1040,202102220UTA,45.1,21.8,3rd quarter,5:17.0,Joe Ingles,UTA,False,3-pointer,28,78-84,'UTA',trails
1041,1041,1041,202102220UTA,27.1,4.6,3rd quarter,5:00.0,Donovan Mitchell,UTA,True,2-pointer,3,80-84,'UTA',trails
1042,1042,1042,202102220UTA,47.1,4.8,3rd quarter,4:38.0,Bojan Bogdanović,UTA,False,3-pointer,23,80-86,'UTA',trails
1043,1043,1043,202102220UTA,26.3,3.9,3rd quarter,3:55.0,Joe Ingles,UTA,False,2-pointer,2,80-86,'UTA',trails
1044,1044,1044,202102220UTA,10.8,24.3,3rd quarter,3:17.0,Joe Ingles,UTA,True,3-pointer,25,83-86,'UTA',trails
1045,1045,1045,202102220UTA,40.3,22.9,3rd quarter,1:36.0,Mike Conley,UTA,False,3-pointer,26,85-90,'UTA',trails
1046,1046,1046,202102220UTA,26.0,3.2,3rd quarter,0:50.0,Jordan Clarkson,UTA,True,2-pointer,2,88-90,'UTA',trails
1047,1047,1047,202102220UTA,1.2,3.4,3rd quarter,0:26.0,Georges Niang,UTA,True,3-pointer,23,91-90,'UTA',leads
1048,1048,1048,202102220UTA,36.6,31.6,3rd quarter,0:00.0,Jordan Clarkson,UTA,False,3-pointer,31,91-90,'UTA',leads
1049,1049,1049,202102220UTA,23.1,4.9,4th quarter,11:41.0,Rudy Gobert,UTA,True,2-pointer,2,93-90,'UTA',leads
1050,1050,1050,202102220UTA,21.5,28.5,4th quarter,11:18.0,Jordan Clarkson,UTA,True,3-pointer,25,96-90,'UTA',leads
1051,1051,1051,202102220UTA,1.5,11.9,4th quarter,10:44.0,Georges Niang,UTA,True,3-pointer,24,99-92,'UTA',leads
1052,1052,1052,202102220UTA,32.8,26.7,4th quarter,10:17.0,Jordan Clarkson,UTA,True,3-pointer,25,102-92,'UTA',leads
1053,1053,1053,202102220UTA,47.1,10.6,4th quarter,9:38.0,Georges Niang,UTA,True,3-pointer,24,105-92,'UTA',leads
1054,1054,1054,202102220UTA,47.1,2.3,4th quarter,9:21.0,Mike Conley,UTA,False,3-pointer,23,105-92,'UTA',leads
1055,1055,1055,202102220UTA,47.6,6.2,4th quarter,8:55.0,Mike Conley,UTA,True,3-pointer,24,108-92,'UTA',leads
1056,1056,1056,202102220UTA,46.8,6.5,4th quarter,8:32.0,Georges Niang,UTA,True,3-pointer,23,111-92,'UTA',leads
1057,1057,1057,202102220UTA,22.3,3.2,4th quarter,8:07.0,Rudy Gobert,UTA,True,2-pointer,2,113-94,'UTA',leads
1058,1058,1058,202102220UTA,42.4,16.0,4th quarter,7:28.0,Jordan Clarkson,UTA,False,2-pointer,22,113-94,'UTA',leads
1059,1059,1059,202102220UTA,10.1,25.9,4th quarter,6:12.0,Donovan Mitchell,UTA,False,3-pointer,27,113-98,'UTA',leads
1060,1060,1060,202102220UTA,25.9,13.6,4th quarter,5:42.0,Donovan Mitchell,UTA,False,2-pointer,11,113-101,'UTA',leads
1061,1061,1061,202102220UTA,13.5,26.0,4th quarter,4:56.0,Joe Ingles,UTA,True,3-pointer,25,116-101,'UTA',leads
1062,1062,1062,202102220UTA,46.5,15.3,4th quarter,4:28.0,Royce O'Neale,UTA,False,3-pointer,26,116-101,'UTA',leads
1063,1063,1063,202102220UTA,1.3,5.0,4th quarter,4:07.0,Joe Ingles,UTA,True,3-pointer,23,119-102,'UTA',leads
1064,1064,1064,202102220UTA,25.8,3.9,4th quarter,3:30.0,Donovan Mitchell,UTA,True,2-pointer,2,121-102,'UTA',leads
1065,1065,1065,202102220UTA,17.6,27.8,4th quarter,2:39.0,Mike Conley,UTA,True,3-pointer,25,124-102,'UTA',leads
1066,1066,1066,202102220UTA,47.6,3.8,4th quarter,1:58.0,Donovan Mitchell,UTA,True,3-pointer,24,127-104,'UTA',leads
1067,1067,1067,202102220UTA,7.8,22.8,4th quarter,1:43.0,Joe Ingles,UTA,False,3-pointer,25,127-104,'UTA',leads
1068,1068,1068,202102220UTA,23.9,4.8,4th quarter,1:19.0,Rudy Gobert,UTA,True,2-pointer,2,129-106,'UTA',leads
1069,1069,1069,202102220UTA,46.8,7.5,4th quarter,1:06.0,Shaquille Harrison,UTA,False,3-pointer,23,129-108,'UTA',leads
1070,1070,1070,202102220UTA,37.3,24.7,4th quarter,0:35.0,Georges Niang,UTA,True,3-pointer,25,132-110,'UTA',leads
